Cone 0 0 0 -1 -1 -1 -1 0.2032 0.2032 0.3048 -9.844792410723876 8.10081556099121 -0.07634538667201997 0
Cone 0 0 0 -1 -1 -1 -1 0.2032 0.2032 0.3048 -7.841989180438232 8.04018510597412 -0.04330512301921845 0
Cone 0 0 0 -1 -1 -1 -1 0.2032 0.2032 0.3048 -5.845039046796671 7.985582685379163 -0.014089999829398268 0
Cone 0 0 0 -1 -1 -1 -1 0.2032 0.2032 0.3048 -1.98852763870608 4.016436263496322 0.13170420110921063 0
Cone 0 0 0 -1 -1 -1 -1 0.2032 0.2032 0.3048 -1.838381165920872 3.5208359803504177 0.1454266185714139 0
Cone 0 0 0 -1 -1 -1 -1 0.2032 0.2032 0.3048 -1.8460499077960968 7.85739321964447 0.007036835384368889 0
Cone 0 0 0 -1 -1 -1 -1 0.2032 0.2032 0.3048 -3.841612958778644 7.872183251986634 0.01668413834568352 0
Cone 0 0 0 -1 -1 -1 -1 0.2032 0.2032 0.3048 -3.9595758050605774 4.105666294271392 0.13999045124351978 0
Cone 0 0 0 -1 -1 -1 -1 0.2032 0.2032 0.3048 4.292084482319641 10.681346331610921 -0.1515106877366702 0
Cone 0 0 0 -1 -1 -1 -1 0.2032 0.2032 0.3048 1.950000067062664 3.2987747461345225 0.13675717342253774 0
Cone 0 0 0 -1 -1 -1 -1 0.2032 0.2032 0.3048 2.1392361790016174 7.6357762362307735 0.01443809686303138 0
Cone 0 0 0 -1 -1 -1 -1 0.2032 0.2032 0.3048 0.11782474394389789 7.780331447297973 0.019565843474864952 0
