Cone 0 0 0 -1 -1 -1 -1 0.2032 0.2032 0.3048 -15.877962761116537 11.879727914506836 0.2860827693971495 0
Cone 0 0 0 -1 -1 -1 -1 0.2032 0.2032 0.3048 -13.927967561277262 12.473593468044841 0.26222764345814165 0
Cone 0 0 0 -1 -1 -1 -1 0.2032 0.2032 0.3048 -11.887769314639282 11.281872227365417 0.20024690817068333 0
Cone 0 0 0 -1 -1 -1 -1 0.2032 0.2032 0.3048 -5.812095034824607 5.691955719962361 0.1437030689470115 0
Cone 0 0 0 -1 -1 -1 -1 0.2032 0.2032 0.3048 -7.775863906733703 8.891063692743224 0.1659616246143977 0
Cone 0 0 0 -1 -1 -1 -1 0.2032 0.2032 0.3048 -5.857048496596527 9.673907222921294 0.09587268499732017 0
Cone 0 0 0 -1 -1 -1 -1 0.2032 0.2032 0.3048 -1.630629925054077 2.5903499146064153 0.14760140652798467 0
Cone 0 0 0 -1 -1 -1 -1 0.2032 0.2032 0.3048 -3.7006712287590027 6.891921236688537 0.11421902520656585 0
Cone 0 0 0 -1 -1 -1 -1 0.2032 0.2032 0.3048 -3.9093545168563844 10.695930221254272 0.03838851867318153 0
Cone 0 0 0 -1 -1 -1 -1 0.2032 0.2032 0.3048 -1.5986605574612935 4.638462434783222 0.0846064872364203 0
Cone 0 0 0 -1 -1 -1 -1 0.2032 0.2032 0.3048 -9.839730148506673 10.254357062354329 0.23365174422735968 0
Cone 0 0 0 -1 -1 -1 -1 0.2032 0.2032 0.3048 -1.804895463578415 5.667457297021789 0.08677637619972228 0
Cone 0 0 0 -1 -1 -1 -1 0.2032 0.2032 0.3048 12.79790169696757 9.877166504238687 -0.14537315598924955 0
Cone 0 0 0 -1 -1 -1 -1 0.2032 0.2032 0.3048 -0.5148812080730731 9.751557937758884 0.020615987335718587 0
Cone 0 0 0 -1 -1 -1 -1 0.2032 0.2032 0.3048 2.153744458607765 2.6536117201791636 0.15804065248762014 0
Cone 0 0 0 -1 -1 -1 -1 0.2032 0.2032 0.3048 12.7751046346841 12.443257746529365 -0.25320682738167893 0
Cone 0 0 0 -1 -1 -1 -1 0.2032 0.2032 0.3048 2.148629874991862 4.600917707457783 0.0739818783422311 0
Cone 0 0 0 -1 -1 -1 -1 0.2032 0.2032 0.3048 1.5395570367649078 7.459185197526855 0.03219021899700164 0
