Cone 0 0 0 -1 -1 -1 -1 0.2032 0.2032 0.3048 -11.847959928703817 11.626896296515707 0.06464337972998618 0
Cone 0 0 0 -1 -1 -1 -1 0.2032 0.2032 0.3048 -11.483078810565186 15.555482064261678 -0.02218361404339473 0
Cone 0 0 0 -1 -1 -1 -1 0.2032 0.2032 0.3048 -11.668481680743408 13.623098626310274 -0.024583648461103447 0
Cone 0 0 0 -1 -1 -1 -1 0.2032 0.2032 0.3048 -2.135745867948377 2.5913725298434875 0.14980218358501085 0
Cone 0 0 0 -1 -1 -1 -1 0.2032 0.2032 0.3048 -4.689344140879822 18.979446962053224 -0.37859772102832795 0
Cone 0 0 0 -1 -1 -1 -1 0.2032 0.2032 0.3048 -2.7337770789787292 18.850653722459718 -0.42335401432514186 0
Cone 0 0 0 -1 -1 -1 -1 0.2032 0.2032 0.3048 -0.718310173841826 4.355289175683898 0.07675629481126862 0
Cone 0 0 0 -1 -1 -1 -1 0.2032 0.2032 0.3048 -0.7424120634719849 18.608965470964357 -0.4064381118297577 0
Cone 0 0 0 -1 -1 -1 -1 0.2032 0.2032 0.3048 0.2753769502118111 18.179743364030763 -0.38943071620464326 0
Cone 0 0 0 -1 -1 -1 -1 0.2032 0.2032 0.3048 1.0096799030974388 16.356251194650575 -0.3276148136138916 0
Cone 0 0 0 -1 -1 -1 -1 0.2032 0.2032 0.3048 0.8044007450416565 14.168337705308836 -0.23702791290283204 0
Cone 0 0 0 -1 -1 -1 -1 0.2032 0.2032 0.3048 0.6169063210561753 12.199777295762939 -0.18451362855037057 0
Cone 0 0 0 -1 -1 -1 -1 0.2032 0.2032 0.3048 1.628907442431471 10.118417178168537 -0.12262749960157608 0
Cone 0 0 0 -1 -1 -1 -1 0.2032 0.2032 0.3048 0.6453603699877739 6.1674635555094905 0.022785708737373345 0
Cone 0 0 0 -1 -1 -1 -1 0.2032 0.2032 0.3048 2.0189012552612002 8.103041804313069 -0.046803191584632524 0
Cone 0 0 0 -1 -1 -1 -1 0.2032 0.2032 0.3048 12.995621350415039 14.05187416673026 -0.18832389115946638 0
Cone 0 0 0 -1 -1 -1 -1 0.2032 0.2032 0.3048 4.771468213208008 15.905750062639159 -0.3193887169837952 0
Cone 0 0 0 -1 -1 -1 -1 0.2032 0.2032 0.3048 5.813597227143733 7.8604060993340035 -0.03508634735445182 0
Cone 0 0 0 -1 -1 -1 -1 0.2032 0.2032 0.3048 1.6393138502115885 2.1236727470759122 0.17064863523897666 0
Cone 0 0 0 -1 -1 -1 -1 0.2032 0.2032 0.3048 3.1914674073532106 4.038774731332702 0.1307313722193241 0
Cone 0 0 0 -1 -1 -1 -1 0.2032 0.2032 0.3048 5.428091321065183 9.841517588735927 -0.1124966202358405 0
Cone 0 0 0 -1 -1 -1 -1 0.2032 0.2032 0.3048 4.401530793316651 11.940729628577472 -0.21293009277979533 0
Cone 0 0 0 -1 -1 -1 -1 0.2032 0.2032 0.3048 4.563925503130813 13.868175376316268 -0.2344102230775924 0
Cone 0 0 0 -1 -1 -1 -1 0.2032 0.2032 0.3048 4.39253535569458 5.936699822122497 0.03374173162579536 0
