Cone 0 0 0 -1 -1 -1 -1 0.2032 0.2032 0.3048 -14.697660565037705 11.11738334222765 0.10316022528409957 0
Cone 0 0 0 -1 -1 -1 -1 0.2032 0.2032 0.3048 -9.811610598074195 7.814631751892467 0.062450450875077924 0
Cone 0 0 0 -1 -1 -1 -1 0.2032 0.2032 0.3048 -11.809030969599066 11.678391583669162 0.02854905568758646 0
Cone 0 0 0 -1 -1 -1 -1 0.2032 0.2032 0.3048 -9.80349245964737 11.62485612886612 0.017767024841904632 0
Cone 0 0 0 -1 -1 -1 -1 0.2032 0.2032 0.3048 -5.939718958728028 7.756809201414033 0.030483610984683024 0
Cone 0 0 0 -1 -1 -1 -1 0.2032 0.2032 0.3048 -7.83374124636928 11.603637855680573 -0.008848502944764644 0
Cone 0 0 0 -1 -1 -1 -1 0.2032 0.2032 0.3048 -5.819567021530902 11.562403374535105 -0.04230702483597257 0
Cone 0 0 0 -1 -1 -1 -1 0.2032 0.2032 0.3048 -3.79560967725623 7.745844665314824 0.029859853361901775 0
Cone 0 0 0 -1 -1 -1 -1 0.2032 0.2032 0.3048 -1.8173118696535746 3.663699623122456 0.07373938648104666 0
Cone 0 0 0 -1 -1 -1 -1 0.2032 0.2032 0.3048 -1.8118761012877147 5.5439109748350015 0.010114052451650288 0
Cone 0 0 0 -1 -1 -1 -1 0.2032 0.2032 0.3048 -2.67129676837972 7.376370265657349 -0.0025134926716486685 0
Cone 0 0 0 -1 -1 -1 -1 0.2032 0.2032 0.3048 -3.8200927534199307 11.587119602308741 -0.06916116614086287 0
Cone 0 0 0 -1 -1 -1 -1 0.2032 0.2032 0.3048 -2.0333789914772034 6.604373529130859 0.04836044130921363 0
Cone 0 0 0 -1 -1 -1 -1 0.2032 0.2032 0.3048 -0.5914884318833669 10.534220385460035 -0.04846971894436413 0
Cone 0 0 0 -1 -1 -1 -1 0.2032 0.2032 0.3048 1.9865501731708526 3.5705781684067275 0.13653786436418688 0
Cone 0 0 0 -1 -1 -1 -1 0.2032 0.2032 0.3048 -7.882505360238266 7.797091945583267 0.01388701280653476 0
Cone 0 0 0 -1 -1 -1 -1 0.2032 0.2032 0.3048 1.3583270368905884 8.252476366931838 0.006356417763658925 0
Cone 0 0 0 -1 -1 -1 -1 0.2032 0.2032 0.3048 1.971940931685257 5.526167347604675 0.08941433994174003 0
