Cone 0 0 0 -1 -1 -1 -1 0.2032 0.2032 0.3048 -16.45094141661377 10.74302633064453 0.22674642670353254 0
Cone 0 0 0 -1 -1 -1 -1 0.2032 0.2032 0.3048 -12.609641564878336 10.716332350745443 0.1917250452508529 0
Cone 0 0 0 -1 -1 -1 -1 0.2032 0.2032 0.3048 -2.019028076160824 10.707550281857095 0.008704714635285457 0
Cone 0 0 0 -1 -1 -1 -1 0.2032 0.2032 0.3048 1.804558929808426 4.772009744817657 0.14275124451220034 0
Cone 0 0 0 -1 -1 -1 -1 0.2032 0.2032 0.3048 1.7785740320246013 8.736455919916075 0.024755636606046127 0
Cone 0 0 0 -1 -1 -1 -1 0.2032 0.2032 0.3048 -2.0950053661987305 14.752872064287109 -0.08524352269172669 0
Cone 0 0 0 -1 -1 -1 -1 0.2032 0.2032 0.3048 1.7380238741710663 14.76230596957072 -0.08369432098468148 0
Cone 0 0 0 -1 -1 -1 -1 0.2032 0.2032 0.3048 1.087339924780019 17.491308445309244 -0.15404661453564963 0
Cone 0 0 0 -1 -1 -1 -1 0.2032 0.2032 0.3048 -10.116475817553711 16.850704553300783 -0.051719203162193306 0
Cone 0 0 0 -1 -1 -1 -1 0.2032 0.2032 0.3048 1.8018003076389313 6.743709201191507 0.08366539248029391 0
Cone 0 0 0 -1 -1 -1 -1 0.2032 0.2032 0.3048 -1.9688610166236877 4.828532869194589 0.12064086750845113 0
Cone 0 0 0 -1 -1 -1 -1 0.2032 0.2032 0.3048 -0.907819935671997 19.74309423225586 -0.18800669865608216 0
Cone 0 0 0 -1 -1 -1 -1 0.2032 0.2032 0.3048 1.7532768607213973 12.719223287279052 -0.06140769975185395 0
Cone 0 0 0 -1 -1 -1 -1 0.2032 0.2032 0.3048 -2.967253324382019 16.525913407976077 -0.11114458100795747 0
Cone 0 0 0 -1 -1 -1 -1 0.2032 0.2032 0.3048 -7.771447989337158 8.237412765199585 0.11299776577154794 0
Cone 0 0 0 -1 -1 -1 -1 0.2032 0.2032 0.3048 -1.9484709491257983 2.767178583715998 0.14281615204562742 0
Cone 0 0 0 -1 -1 -1 -1 0.2032 0.2032 0.3048 1.7851937615283542 10.732864751989288 -0.0035078125956985763 0
Cone 0 0 0 -1 -1 -1 -1 0.2032 0.2032 0.3048 -4.101836257172139 16.900694285407308 -0.1105755985458692 0
Cone 0 0 0 -1 -1 -1 -1 0.2032 0.2032 0.3048 -8.18619827925415 16.86836107032959 -0.09533930228948595 0
Cone 0 0 0 -1 -1 -1 -1 0.2032 0.2032 0.3048 1.8716083847888525 2.805375610918004 0.13844801417384986 0
Cone 0 0 0 -1 -1 -1 -1 0.2032 0.2032 0.3048 -2.0184544594913603 8.736606875963982 0.012826720267865386 0
Cone 0 0 0 -1 -1 -1 -1 0.2032 0.2032 0.3048 -2.049763354651642 12.768594577485961 -0.0835513349056244 0
Cone 0 0 0 -1 -1 -1 -1 0.2032 0.2032 0.3048 -2.0075305193588258 6.8128567482775875 0.06104477984905242 0
Cone 0 0 0 -1 -1 -1 -1 0.2032 0.2032 0.3048 -6.255448493354034 16.87488122242157 -0.105600673276186 0
