Cone 0 0 0 -1 -1 -1 -1 0.2032 0.2032 0.3048 -10.034182998530579 7.463623001748962 0.06456048270761966 0
Cone 0 0 0 -1 -1 -1 -1 0.2032 0.2032 0.3048 -8.107435061328125 7.474335315401 0.045827551913261405 0
Cone 0 0 0 -1 -1 -1 -1 0.2032 0.2032 0.3048 -6.16283770898234 7.495052141522013 0.038915108076731354 0
Cone 0 0 0 -1 -1 -1 -1 0.2032 0.2032 0.3048 -10.139180633418274 11.285545780832214 0.025579762142896645 0
Cone 0 0 0 -1 -1 -1 -1 0.2032 0.2032 0.3048 -8.120779389466689 11.275950426434123 0.015261560114224743 0
Cone 0 0 0 -1 -1 -1 -1 0.2032 0.2032 0.3048 -6.153162690989685 11.29229266899292 0.008795033327738436 0
Cone 0 0 0 -1 -1 -1 -1 0.2032 0.2032 0.3048 -1.9816214339526277 3.4694293087468964 0.08813818504280513 0
Cone 0 0 0 -1 -1 -1 -1 0.2032 0.2032 0.3048 -4.140870901934814 11.337634296931327 -0.010028181966713507 0
Cone 0 0 0 -1 -1 -1 -1 0.2032 0.2032 0.3048 -2.005743749219404 5.3779243801353225 0.04237221224308013 0
Cone 0 0 0 -1 -1 -1 -1 0.2032 0.2032 0.3048 -2.2297939985916138 6.420212899222615 0.033212679557005555 0
Cone 0 0 0 -1 -1 -1 -1 0.2032 0.2032 0.3048 -0.8790744566180759 10.36601412022244 -0.03302964392768013 0
Cone 0 0 0 -1 -1 -1 -1 0.2032 0.2032 0.3048 1.0980670995357191 8.152269204687286 -0.0003434100007770116 0
Cone 0 0 0 -1 -1 -1 -1 0.2032 0.2032 0.3048 1.7806592255905151 5.41665504234497 0.0956284199476242 0
Cone 0 0 0 -1 -1 -1 -1 0.2032 0.2032 0.3048 1.833420223998515 3.4644157998177496 0.14606664331290456 0
Cone 0 0 0 -1 -1 -1 -1 0.2032 0.2032 0.3048 -12.123325003179422 11.287208233847858 0.08493617219924926 0
Cone 0 0 0 -1 -1 -1 -1 0.2032 0.2032 0.3048 -4.030281477165731 7.534648460720621 0.026827902527650188 0
