Cone 0 0 0 -1 -1 -1 -1 0.2032 0.2032 0.3048 -9.751729342333984 6.879226122870687 0.002111157210667921 0
Cone 0 0 0 -1 -1 -1 -1 0.2032 0.2032 0.3048 -13.35277542769165 10.976095333272859 -0.1835794183790684 0
Cone 0 0 0 -1 -1 -1 -1 0.2032 0.2032 0.3048 -7.712745735041809 6.702295878106994 -0.05456040508349737 0
Cone 0 0 0 -1 -1 -1 -1 0.2032 0.2032 0.3048 -5.726090346482196 6.5520544134467125 -0.11210728216398332 0
Cone 0 0 0 -1 -1 -1 -1 0.2032 0.2032 0.3048 -9.442347984505208 10.65389131960734 -0.2744761532227199 0
Cone 0 0 0 -1 -1 -1 -1 0.2032 0.2032 0.3048 -11.316051198037973 10.73754386760259 -0.28772452008525523 0
Cone 0 0 0 -1 -1 -1 -1 0.2032 0.2032 0.3048 -3.731749746195984 6.3914724137133785 -0.11684653865098954 0
Cone 0 0 0 -1 -1 -1 -1 0.2032 0.2032 0.3048 -7.474896409816343 10.49446919447219 -0.3235490119139353 0
Cone 0 0 0 -1 -1 -1 -1 0.2032 0.2032 0.3048 -2.69578376709671 5.983973875219268 -0.10565477566719056 0
Cone 0 0 0 -1 -1 -1 -1 0.2032 0.2032 0.3048 -1.953895031121172 4.166787692765749 -0.004868516890207937 0
Cone 0 0 0 -1 -1 -1 -1 0.2032 0.2032 0.3048 -5.486753258101654 10.32800379849935 -0.35650548544327415 0
Cone 0 0 0 -1 -1 -1 -1 0.2032 0.2032 0.3048 1.8555507424406232 3.870360002918257 0.005495781951575042 0
Cone 0 0 0 -1 -1 -1 -1 0.2032 0.2032 0.3048 1.4837944775894165 6.414170220071716 -0.19815356241464616 0
Cone 0 0 0 -1 -1 -1 -1 0.2032 0.2032 0.3048 -2.034136447303009 5.061735179597777 -0.08721885191202164 0
Cone 0 0 0 -1 -1 -1 -1 0.2032 0.2032 0.3048 1.7151950031593324 1.8559117163962555 0.2216653973430395 0
Cone 0 0 0 -1 -1 -1 -1 0.2032 0.2032 0.3048 -0.5225677065476895 9.041514476711198 -0.35774127239286896 0
Cone 0 0 0 -1 -1 -1 -1 0.2032 0.2032 0.3048 -3.4666472262069705 10.205809915239257 -0.3749805469989777 0
