Cone 0 0 0 -1 -1 -1 -1 0.2032 0.2032 0.3048 -11.613605194283041 8.22083099144165 0.05460090481440225 0
Cone 0 0 0 -1 -1 -1 -1 0.2032 0.2032 0.3048 -10.288386151187133 11.952129819566649 -0.03973156270186107 0
Cone 0 0 0 -1 -1 -1 -1 0.2032 0.2032 0.3048 -9.671836706988525 13.838561704332275 -0.14731147842407227 0
Cone 0 0 0 -1 -1 -1 -1 0.2032 0.2032 0.3048 -1.6505255122064113 2.722736710328944 0.08663299534600193 0
Cone 0 0 0 -1 -1 -1 -1 0.2032 0.2032 0.3048 -8.381024453036499 17.69461543815796 -0.2845202928463618 0
Cone 0 0 0 -1 -1 -1 -1 0.2032 0.2032 0.3048 -1.597397306057326 4.743794344439747 0.025013503613074604 0
Cone 0 0 0 -1 -1 -1 -1 0.2032 0.2032 0.3048 0.18301683693005444 6.149025365287704 0.016207578089833252 0
Cone 0 0 0 -1 -1 -1 -1 0.2032 0.2032 0.3048 3.958664245414225 15.35544005490804 -0.2719151522397995 0
Cone 0 0 0 -1 -1 -1 -1 0.2032 0.2032 0.3048 1.9322247475460053 7.612726404840393 0.017518863511085503 0
Cone 0 0 0 -1 -1 -1 -1 0.2032 0.2032 0.3048 4.362440851338196 19.36694915550415 -0.45185539083480836 0
Cone 0 0 0 -1 -1 -1 -1 0.2032 0.2032 0.3048 3.8444775015190125 11.262696459466857 -0.13613283591270448 0
Cone 0 0 0 -1 -1 -1 -1 0.2032 0.2032 0.3048 3.743378889568138 9.21952404039566 -0.04262260056336722 0
Cone 0 0 0 -1 -1 -1 -1 0.2032 0.2032 0.3048 1.9812401271603053 3.4613395364543504 0.13548030232730365 0
Cone 0 0 0 -1 -1 -1 -1 0.2032 0.2032 0.3048 6.944908775562201 12.375330267920734 -0.125396969154146 0
Cone 0 0 0 -1 -1 -1 -1 0.2032 0.2032 0.3048 7.58026044667511 14.212714269334716 -0.1571859310746193 0
Cone 0 0 0 -1 -1 -1 -1 0.2032 0.2032 0.3048 8.232917963472493 16.15517575996582 -0.2264240499019623 0
Cone 0 0 0 -1 -1 -1 -1 0.2032 0.2032 0.3048 7.45274709137457 10.083054848231376 -0.07010077393849691 0
Cone 0 0 0 -1 -1 -1 -1 0.2032 0.2032 0.3048 7.3759256750419615 8.064851723685505 0.05219762107431888 0
Cone 0 0 0 -1 -1 -1 -1 0.2032 0.2032 0.3048 5.5711557471164275 6.528181203114962 0.09641891967786681 0
Cone 0 0 0 -1 -1 -1 -1 0.2032 0.2032 0.3048 3.9341508418395996 4.929248764688415 0.11002028776407241 0
Cone 0 0 0 -1 -1 -1 -1 0.2032 0.2032 0.3048 3.329689867305247 13.5267437841243 -0.23575849167307217 0
