Cone 0 0 0 -1 -1 -1 -1 0.2032 0.2032 0.3048 -13.6764186352417 9.006487920457763 -0.024272083806991585 0
Cone 0 0 0 -1 -1 -1 -1 0.2032 0.2032 0.3048 -11.615488740794373 9.452194526369018 -0.05901742311120034 0
Cone 0 0 0 -1 -1 -1 -1 0.2032 0.2032 0.3048 -9.642282180977377 9.885411177649738 -0.036465256977081306 0
Cone 0 0 0 -1 -1 -1 -1 0.2032 0.2032 0.3048 -14.390131168556723 12.783853366548461 -0.09293583489259084 0
Cone 0 0 0 -1 -1 -1 -1 0.2032 0.2032 0.3048 -7.722445055834961 10.295484966610513 -0.014489291179180153 0
Cone 0 0 0 -1 -1 -1 -1 0.2032 0.2032 0.3048 -8.556148621432495 14.05159397381012 -0.05956984268426896 0
Cone 0 0 0 -1 -1 -1 -1 0.2032 0.2032 0.3048 -1.9192297309852964 2.90612039895346 0.13240964266800065 0
Cone 0 0 0 -1 -1 -1 -1 0.2032 0.2032 0.3048 -2.3193419307395935 4.798698837135873 0.06850230736732482 0
Cone 0 0 0 -1 -1 -1 -1 0.2032 0.2032 0.3048 -5.762847873561096 10.715221320166828 -0.02566199955145519 0
Cone 0 0 0 -1 -1 -1 -1 0.2032 0.2032 0.3048 -2.681868287913513 15.313955738717956 -0.10184122579097749 0
Cone 0 0 0 -1 -1 -1 -1 0.2032 0.2032 0.3048 1.3544255465343475 5.574443414384765 0.0052971024632453845 0
Cone 0 0 0 -1 -1 -1 -1 0.2032 0.2032 0.3048 0.17801235467939377 11.374495400231392 -0.06516202976438736 0
Cone 0 0 0 -1 -1 -1 -1 0.2032 0.2032 0.3048 -3.851662092400106 11.107509448701782 -0.06413616569638253 0
Cone 0 0 0 -1 -1 -1 -1 0.2032 0.2032 0.3048 -0.6764299243614197 15.628458311731261 -0.14572470145225525 0
Cone 0 0 0 -1 -1 -1 -1 0.2032 0.2032 0.3048 0.585319733378776 9.35320518272583 -0.04215490725437802 0
Cone 0 0 0 -1 -1 -1 -1 0.2032 0.2032 0.3048 -6.574730806541951 14.483635897015178 -0.05677393284241359 0
Cone 0 0 0 -1 -1 -1 -1 0.2032 0.2032 0.3048 -3.1638147801086425 8.685203144193995 -0.03506378786563874 0
Cone 0 0 0 -1 -1 -1 -1 0.2032 0.2032 0.3048 -7.756207370660308 17.36503335384899 -0.1542471940994263 0
Cone 0 0 0 -1 -1 -1 -1 0.2032 0.2032 0.3048 1.8179817629786355 3.7231762145278706 0.12068600766701355 0
Cone 0 0 0 -1 -1 -1 -1 0.2032 0.2032 0.3048 0.9651844372426351 7.570216014558716 0.03343293610413869 0
Cone 0 0 0 -1 -1 -1 -1 0.2032 0.2032 0.3048 -3.5756239126051583 10.669587368343912 -0.05682065766851108 0
Cone 0 0 0 -1 -1 -1 -1 0.2032 0.2032 0.3048 -2.7620762914344787 6.774889185602111 0.02758829338550567 0
Cone 0 0 0 -1 -1 -1 -1 0.2032 0.2032 0.3048 -4.625499658775838 14.896948411638183 -0.08700999574661256 0
