Cone 0 0 0 -1 -1 -1 -1 0.2032 0.2032 0.3048 -11.606521301460775 7.80966638979777 -0.04329957025051118 0
Cone 0 0 0 -1 -1 -1 -1 0.2032 0.2032 0.3048 -9.604074445643255 7.612817406941381 -0.10061429610933578 0
Cone 0 0 0 -1 -1 -1 -1 0.2032 0.2032 0.3048 -11.137659244728596 11.586060711602725 -0.3049537953842254 0
Cone 0 0 0 -1 -1 -1 -1 0.2032 0.2032 0.3048 -7.615356120459747 7.430671706373138 -0.12531409369707108 0
Cone 0 0 0 -1 -1 -1 -1 0.2032 0.2032 0.3048 -9.244142290942383 11.399447610551757 -0.35925199942588815 0
Cone 0 0 0 -1 -1 -1 -1 0.2032 0.2032 0.3048 -5.614446070120578 7.222829508690015 -0.19892603695525066 0
Cone 0 0 0 -1 -1 -1 -1 0.2032 0.2032 0.3048 -2.0686392551947392 2.7304527488911754 0.08677370663411692 0
Cone 0 0 0 -1 -1 -1 -1 0.2032 0.2032 0.3048 -7.308937999598694 11.217830016786499 -0.39963859773476923 0
Cone 0 0 0 -1 -1 -1 -1 0.2032 0.2032 0.3048 -5.313566668489752 11.050677124567803 -0.3943333138042026 0
Cone 0 0 0 -1 -1 -1 -1 0.2032 0.2032 0.3048 -3.62878975569458 7.044006183320922 -0.14526168959140778 0
Cone 0 0 0 -1 -1 -1 -1 0.2032 0.2032 0.3048 1.8872336457247418 4.389576763485513 0.008357706101735425 0
Cone 0 0 0 -1 -1 -1 -1 0.2032 0.2032 0.3048 1.7165983076680866 2.4118307731787296 0.13114898483358203 0
Cone 0 0 0 -1 -1 -1 -1 0.2032 0.2032 0.3048 -3.300440388825334 10.874274772068219 -0.41893633237566263 0
Cone 0 0 0 -1 -1 -1 -1 0.2032 0.2032 0.3048 -1.9426266282722473 5.7074877764529415 -0.05658894982735318 0
Cone 0 0 0 -1 -1 -1 -1 0.2032 0.2032 0.3048 1.5972689658477783 6.96398980873291 -0.17981050865650178 0
Cone 0 0 0 -1 -1 -1 -1 0.2032 0.2032 0.3048 -0.3519748200637064 9.671106600809422 -0.33469833233858404 0
Cone 0 0 0 -1 -1 -1 -1 0.2032 0.2032 0.3048 -2.6117817372009275 6.606252172166747 -0.1490513678073883 0
Cone 0 0 0 -1 -1 -1 -1 0.2032 0.2032 0.3048 10.689823296673584 9.802733018571777 -0.37567457513809205 0
Cone 0 0 0 -1 -1 -1 -1 0.2032 0.2032 0.3048 -1.8913340664497797 4.769380901828053 -0.05105033887889652 0
