Cone 0 0 0 -1 -1 -1 -1 0.2032 0.2032 0.3048 -13.039334508769226 14.071832015687866 -0.34801881717443467 0
Cone 0 0 0 -1 -1 -1 -1 0.2032 0.2032 0.3048 -6.609226663568793 6.442558375902947 -0.050655896035830185 0
Cone 0 0 0 -1 -1 -1 -1 0.2032 0.2032 0.3048 -7.116788241259766 8.704886725122375 -0.11452657090425493 0
Cone 0 0 0 -1 -1 -1 -1 0.2032 0.2032 0.3048 -2.038537364764949 2.50252234376526 0.14972873177643936 0
Cone 0 0 0 -1 -1 -1 -1 0.2032 0.2032 0.3048 -10.339555022113037 16.756082704240725 -0.43460119323730473 0
Cone 0 0 0 -1 -1 -1 -1 0.2032 0.2032 0.3048 -7.65972408949585 11.033202828209905 -0.22892428974443013 0
Cone 0 0 0 -1 -1 -1 -1 0.2032 0.2032 0.3048 -8.953405949465942 15.329086616212768 -0.38289582686424256 0
Cone 0 0 0 -1 -1 -1 -1 0.2032 0.2032 0.3048 -4.930190679423523 13.71283366935913 -0.2764160464882851 0
Cone 0 0 0 -1 -1 -1 -1 0.2032 0.2032 0.3048 -4.411518200140797 11.375551687977628 -0.1579387976137075 0
Cone 0 0 0 -1 -1 -1 -1 0.2032 0.2032 0.3048 -3.7459309803513663 9.194477761646466 -0.08902491224323002 0
Cone 0 0 0 -1 -1 -1 -1 0.2032 0.2032 0.3048 -6.693770580482991 14.730958853736166 -0.3160232201894124 0
Cone 0 0 0 -1 -1 -1 -1 0.2032 0.2032 0.3048 -1.4451044827625275 5.821333601648254 -0.0023053507685661407 0
Cone 0 0 0 -1 -1 -1 -1 0.2032 0.2032 0.3048 -9.447105942871966 12.05530548692069 -0.24277501403944834 0
Cone 0 0 0 -1 -1 -1 -1 0.2032 0.2032 0.3048 0.6351467420731862 5.127685541485392 0.0626895759820938 0
Cone 0 0 0 -1 -1 -1 -1 0.2032 0.2032 0.3048 2.262860795200687 2.079815998250885 0.20672929562702771 0
