Cone 0 0 0 -1 -1 -1 -1 0.2032 0.2032 0.3048 -12.669292780749512 9.193112288489584 0.137531531782945 0
Cone 0 0 0 -1 -1 -1 -1 0.2032 0.2032 0.3048 -16.687027308337402 10.713910812710369 0.15102290901740392 0
Cone 0 0 0 -1 -1 -1 -1 0.2032 0.2032 0.3048 -14.26922640501709 12.656183793718261 0.05860290470918019 0
Cone 0 0 0 -1 -1 -1 -1 0.2032 0.2032 0.3048 -11.674415680758667 9.313322856599731 0.06333082708915073 0
Cone 0 0 0 -1 -1 -1 -1 0.2032 0.2032 0.3048 -9.513522359721374 9.186514094049377 0.029852774423360817 0
Cone 0 0 0 -1 -1 -1 -1 0.2032 0.2032 0.3048 -9.382530320676677 12.984326373114827 -0.025851602919896455 0
Cone 0 0 0 -1 -1 -1 -1 0.2032 0.2032 0.3048 -7.580981823794556 9.08110587852661 0.004823881071805947 0
Cone 0 0 0 -1 -1 -1 -1 0.2032 0.2032 0.3048 -1.765774857538905 2.6969137827845295 0.0931549319152579 0
Cone 0 0 0 -1 -1 -1 -1 0.2032 0.2032 0.3048 -7.404438528411102 12.895543013587238 -0.032919755397240326 0
Cone 0 0 0 -1 -1 -1 -1 0.2032 0.2032 0.3048 -5.666679067405574 8.991284712726516 -0.011442868851621954 0
Cone 0 0 0 -1 -1 -1 -1 0.2032 0.2032 0.3048 -1.6960804591501872 4.697894440665486 0.052473877302805574 0
Cone 0 0 0 -1 -1 -1 -1 0.2032 0.2032 0.3048 -3.508623332274469 8.855854977741483 -0.056388051130374275 0
Cone 0 0 0 -1 -1 -1 -1 0.2032 0.2032 0.3048 -5.4136933714077 12.793060257608337 -0.06543082328438761 0
Cone 0 0 0 -1 -1 -1 -1 0.2032 0.2032 0.3048 -3.3938450942362466 12.72309782230984 -0.09101813160843321 0
Cone 0 0 0 -1 -1 -1 -1 0.2032 0.2032 0.3048 -1.8038794527376811 7.682337517117106 0.029989242982864373 0
Cone 0 0 0 -1 -1 -1 -1 0.2032 0.2032 0.3048 -2.4139816350805736 8.449704485567198 -0.04316639449284191 0
Cone 0 0 0 -1 -1 -1 -1 0.2032 0.2032 0.3048 1.646843682071389 9.18858600713277 -0.04506051414675183 0
Cone 0 0 0 -1 -1 -1 -1 0.2032 0.2032 0.3048 2.1713778644874573 6.432600214654846 0.05640327600836753 0
Cone 0 0 0 -1 -1 -1 -1 0.2032 0.2032 0.3048 2.0565336118216195 4.4304028894252 0.0753461666971445 0
Cone 0 0 0 -1 -1 -1 -1 0.2032 0.2032 0.3048 2.0279767108483973 2.491635722654967 0.15521484234387775 0
Cone 0 0 0 -1 -1 -1 -1 0.2032 0.2032 0.3048 -0.2062007132429335 11.527346971208496 -0.10394482834604053 0
Cone 0 0 0 -1 -1 -1 -1 0.2032 0.2032 0.3048 -1.6398260921165466 6.641544535333557 0.05179148210287093 0
Cone 0 0 0 -1 -1 -1 -1 0.2032 0.2032 0.3048 -11.383937689654541 13.129665067369384 0.03707889659404754 0
