Cone 0 0 0 -1 -1 -1 -1 0.2032 0.2032 0.3048 -13.440394255511475 9.153513028795166 0.14042002005577087 0
Cone 0 0 0 -1 -1 -1 -1 0.2032 0.2032 0.3048 -12.578030154101562 9.790409639055175 0.0813208201845487 0
Cone 0 0 0 -1 -1 -1 -1 0.2032 0.2032 0.3048 -11.558539244525146 9.904065683061523 0.03198630405664443 0
Cone 0 0 0 -1 -1 -1 -1 0.2032 0.2032 0.3048 -9.43243088423462 9.738567712480467 -0.024820598530769355 0
Cone 0 0 0 -1 -1 -1 -1 0.2032 0.2032 0.3048 -14.125241292508951 13.291518126502279 -0.022191226053237922 0
Cone 0 0 0 -1 -1 -1 -1 0.2032 0.2032 0.3048 -7.4811805417065935 9.625230346694233 -0.0400209745446841 0
Cone 0 0 0 -1 -1 -1 -1 0.2032 0.2032 0.3048 -11.259484727838814 13.716531880605197 -0.09571056190596687 0
Cone 0 0 0 -1 -1 -1 -1 0.2032 0.2032 0.3048 -5.558645792085157 9.489577384509147 -0.07732125328779221 0
Cone 0 0 0 -1 -1 -1 -1 0.2032 0.2032 0.3048 -9.259537868691 13.556784942323608 -0.1254449234088262 0
Cone 0 0 0 -1 -1 -1 -1 0.2032 0.2032 0.3048 -1.762045738466096 3.1744737583643627 0.0754219193112105 0
Cone 0 0 0 -1 -1 -1 -1 0.2032 0.2032 0.3048 -7.269412669532013 13.449055984193727 -0.10610806899070742 0
Cone 0 0 0 -1 -1 -1 -1 0.2032 0.2032 0.3048 -1.6363184541389466 5.143833377534789 -0.00939331607818604 0
Cone 0 0 0 -1 -1 -1 -1 0.2032 0.2032 0.3048 -5.277645759773763 13.323174312288208 -0.14201912986040116 0
Cone 0 0 0 -1 -1 -1 -1 0.2032 0.2032 0.3048 -2.3209684355317006 8.919514346031324 -0.07895204961432352 0
Cone 0 0 0 -1 -1 -1 -1 0.2032 0.2032 0.3048 -3.2850570807779946 13.230703841223958 -0.19118848400115965 0
Cone 0 0 0 -1 -1 -1 -1 0.2032 0.2032 0.3048 2.2527259856536865 6.881216242486877 0.031355310660600655 0
Cone 0 0 0 -1 -1 -1 -1 0.2032 0.2032 0.3048 2.127199504449124 4.876078202897948 0.0620298468556669 0
Cone 0 0 0 -1 -1 -1 -1 0.2032 0.2032 0.3048 2.051131054766464 2.931469427407143 0.13530269185687813 0
Cone 0 0 0 -1 -1 -1 -1 0.2032 0.2032 0.3048 -1.71453282136968 8.113434206023458 -0.06987404184341431 0
Cone 0 0 0 -1 -1 -1 -1 0.2032 0.2032 0.3048 -0.07059196926973889 12.031442740818221 -0.17962824727467128 0
Cone 0 0 0 -1 -1 -1 -1 0.2032 0.2032 0.3048 1.7582705333351418 9.628054993149503 -0.07667646872908983 0
