Cone 0 0 0 -1 -1 -1 -1 0.2032 0.2032 0.3048 -11.580634130033365 7.809720033978068 0.14537050493756928 0
Cone 0 0 0 -1 -1 -1 -1 0.2032 0.2032 0.3048 -10.897147271029663 9.693387820894165 0.09732720485031604 0
Cone 0 0 0 -1 -1 -1 -1 0.2032 0.2032 0.3048 -7.202568921439362 7.759973381533864 0.032125168443471186 0
Cone 0 0 0 -1 -1 -1 -1 0.2032 0.2032 0.3048 -13.833098053593615 12.870884439588893 0.043829386862119034 0
Cone 0 0 0 -1 -1 -1 -1 0.2032 0.2032 0.3048 -13.164297964499243 14.706779183190376 -0.041266955006122596 0
Cone 0 0 0 -1 -1 -1 -1 0.2032 0.2032 0.3048 -10.202138635508728 11.502403571779174 0.009293180388212197 0
Cone 0 0 0 -1 -1 -1 -1 0.2032 0.2032 0.3048 -1.6053285273504045 2.2195775884232587 0.08035592905394143 0
Cone 0 0 0 -1 -1 -1 -1 0.2032 0.2032 0.3048 -9.600138756625366 13.398421123201294 -0.10082710863947869 0
Cone 0 0 0 -1 -1 -1 -1 0.2032 0.2032 0.3048 -8.90841564833374 15.352134301835937 -0.21435967044830323 0
Cone 0 0 0 -1 -1 -1 -1 0.2032 0.2032 0.3048 -1.5833910683716457 4.2766909595078655 0.05674927072674035 0
Cone 0 0 0 -1 -1 -1 -1 0.2032 0.2032 0.3048 -8.254596373431397 17.259503581697388 -0.274055657851696 0
Cone 0 0 0 -1 -1 -1 -1 0.2032 0.2032 0.3048 0.212040845229382 5.69262644440728 0.04724426693254046 0
Cone 0 0 0 -1 -1 -1 -1 0.2032 0.2032 0.3048 3.5886018941874185 19.501989597652994 -0.4831815059661866 0
Cone 0 0 0 -1 -1 -1 -1 0.2032 0.2032 0.3048 4.463932978120931 18.881538942033693 -0.4450678026358286 0
Cone 0 0 0 -1 -1 -1 -1 0.2032 0.2032 0.3048 3.8970272908682504 10.745441908215128 -0.13813655159672103 0
Cone 0 0 0 -1 -1 -1 -1 0.2032 0.2032 0.3048 4.041876409127468 14.912783378933513 -0.2757762136406369 0
Cone 0 0 0 -1 -1 -1 -1 0.2032 0.2032 0.3048 1.9779781172747295 7.163296694134318 0.03980045063495635 0
Cone 0 0 0 -1 -1 -1 -1 0.2032 0.2032 0.3048 4.717289474613953 16.85605104225342 -0.3239719863414765 0
Cone 0 0 0 -1 -1 -1 -1 0.2032 0.2032 0.3048 3.391083346811422 13.030485227281494 -0.20128562010129294 0
Cone 0 0 0 -1 -1 -1 -1 0.2032 0.2032 0.3048 3.7852909137879687 8.702756449157638 -0.06712970218857131 0
Cone 0 0 0 -1 -1 -1 -1 0.2032 0.2032 0.3048 6.992868569500732 11.822878673250122 -0.13258732439875603 0
Cone 0 0 0 -1 -1 -1 -1 0.2032 0.2032 0.3048 7.629279441642253 13.660941754355672 -0.19600243575175602 0
Cone 0 0 0 -1 -1 -1 -1 0.2032 0.2032 0.3048 8.329232838757324 15.638972833330078 -0.28323993043899537 0
Cone 0 0 0 -1 -1 -1 -1 0.2032 0.2032 0.3048 1.999882223216184 2.9701605199025503 0.14258812162478765 0
Cone 0 0 0 -1 -1 -1 -1 0.2032 0.2032 0.3048 3.947453187910207 4.427375807935638 0.14930403772195178 0
Cone 0 0 0 -1 -1 -1 -1 0.2032 0.2032 0.3048 7.520965865261841 9.566311242753905 -0.045114641952514654 0
Cone 0 0 0 -1 -1 -1 -1 0.2032 0.2032 0.3048 5.591911107734898 6.008882107718951 0.09509722017210627 0
Cone 0 0 0 -1 -1 -1 -1 0.2032 0.2032 0.3048 12.336125043041992 10.083341036811117 0.03538494351704915 0
