Cone 0 0 0 -1 -1 -1 -1 0.2032 0.2032 0.3048 -14.908996197573853 10.415972545320434 0.017102770936489098 0
Cone 0 0 0 -1 -1 -1 -1 0.2032 0.2032 0.3048 -13.680979678027343 12.356626298601073 -0.09869294123649598 0
Cone 0 0 0 -1 -1 -1 -1 0.2032 0.2032 0.3048 -1.997502598159027 2.1291085253900714 0.06767982535759606 0
Cone 0 0 0 -1 -1 -1 -1 0.2032 0.2032 0.3048 1.9030541867092132 11.931977028225504 -0.337510568467776 0
Cone 0 0 0 -1 -1 -1 -1 0.2032 0.2032 0.3048 -1.9012763536564297 12.026616668609753 -0.3769495098802778 0
Cone 0 0 0 -1 -1 -1 -1 0.2032 0.2032 0.3048 1.7955446748344317 2.034527461620274 0.08369469971258646 0
Cone 0 0 0 -1 -1 -1 -1 0.2032 0.2032 0.3048 -1.9747150570079803 6.0239967252558895 -0.07911408649683 0
Cone 0 0 0 -1 -1 -1 -1 0.2032 0.2032 0.3048 -1.9859920246659173 4.045594028540428 0.005752506453461109 0
Cone 0 0 0 -1 -1 -1 -1 0.2032 0.2032 0.3048 1.820659354336548 7.935462374065958 -0.17082455910046895 0
Cone 0 0 0 -1 -1 -1 -1 0.2032 0.2032 0.3048 1.8015378832891464 5.932096197778625 -0.06287723736763001 0
Cone 0 0 0 -1 -1 -1 -1 0.2032 0.2032 0.3048 -1.837917181842041 16.055870713036565 -0.527931944762336 0
Cone 0 0 0 -1 -1 -1 -1 0.2032 0.2032 0.3048 -1.9568582681663034 8.090001903600086 -0.16779791220875528 0
Cone 0 0 0 -1 -1 -1 -1 0.2032 0.2032 0.3048 -12.426400793584696 14.278121187860412 -0.3114475231051445 0
Cone 0 0 0 -1 -1 -1 -1 0.2032 0.2032 0.3048 -1.8477998405620575 14.040324682568155 -0.4486079807758331 0
Cone 0 0 0 -1 -1 -1 -1 0.2032 0.2032 0.3048 1.8461507656818934 9.907977446207333 -0.237675003633045 0
Cone 0 0 0 -1 -1 -1 -1 0.2032 0.2032 0.3048 1.8183546894133276 4.041363018186674 0.025809234627412282 0
Cone 0 0 0 -1 -1 -1 -1 0.2032 0.2032 0.3048 -1.8085882991477966 18.00282660581136 -0.6201257602055869 0
Cone 0 0 0 -1 -1 -1 -1 0.2032 0.2032 0.3048 1.9708608657196045 15.859156086618349 -0.5120984162569047 0
Cone 0 0 0 -1 -1 -1 -1 0.2032 0.2032 0.3048 -16.69615111052246 10.727551534349365 -0.07429282324314118 0
Cone 0 0 0 -1 -1 -1 -1 0.2032 0.2032 0.3048 -1.9298522740528106 10.076585907314861 -0.2524171084841092 0
Cone 0 0 0 -1 -1 -1 -1 0.2032 0.2032 0.3048 -2.024895760409546 19.022683694536134 -0.6523708200136821 0
Cone 0 0 0 -1 -1 -1 -1 0.2032 0.2032 0.3048 2.0137355198537192 17.882257376685384 -0.6117968157609304 0
Cone 0 0 0 -1 -1 -1 -1 0.2032 0.2032 0.3048 1.9609461456611634 13.946728303605957 -0.4342092152118683 0
