Cone 0 0 0 -1 -1 -1 -1 0.2032 0.2032 0.3048 -12.355901921781413 10.658974816972655 0.228514696714282 0
Cone 0 0 0 -1 -1 -1 -1 0.2032 0.2032 0.3048 1.928693015340499 8.192072809335214 0.022948460453508526 0
Cone 0 0 0 -1 -1 -1 -1 0.2032 0.2032 0.3048 -1.8187930615210117 10.318227771113344 0.029262294953908665 0
Cone 0 0 0 -1 -1 -1 -1 0.2032 0.2032 0.3048 -2.0181784577238537 2.3802931984297575 0.153132696914389 0
Cone 0 0 0 -1 -1 -1 -1 0.2032 0.2032 0.3048 -9.65781864821167 16.712926938707277 0.03652652582228183 0
Cone 0 0 0 -1 -1 -1 -1 0.2032 0.2032 0.3048 -2.567905339591217 16.161634757692262 -0.052471197712421425 0
Cone 0 0 0 -1 -1 -1 -1 0.2032 0.2032 0.3048 -0.38410851557305653 19.291049745256352 -0.18292867399056756 0
Cone 0 0 0 -1 -1 -1 -1 0.2032 0.2032 0.3048 -1.8789135204045728 8.348532502246721 0.07514191484379043 0
Cone 0 0 0 -1 -1 -1 -1 0.2032 0.2032 0.3048 1.9823584786666772 10.197686941919446 -0.0351552559053796 0
Cone 0 0 0 -1 -1 -1 -1 0.2032 0.2032 0.3048 1.8762193060657928 6.227873584867823 0.10566316298180155 0
Cone 0 0 0 -1 -1 -1 -1 0.2032 0.2032 0.3048 1.8234905918513615 4.266693894639256 0.14128951973045864 0
Cone 0 0 0 -1 -1 -1 -1 0.2032 0.2032 0.3048 2.0290307372882843 12.21000654953186 -0.018974162209033973 0
Cone 0 0 0 -1 -1 -1 -1 0.2032 0.2032 0.3048 -1.949607673279953 4.411448195154113 0.13612008836194872 0
Cone 0 0 0 -1 -1 -1 -1 0.2032 0.2032 0.3048 -7.739599240812174 16.654254510576173 -0.016768214670817065 0
Cone 0 0 0 -1 -1 -1 -1 0.2032 0.2032 0.3048 -1.7597214460298538 14.34492337164744 -0.06741603048443795 0
Cone 0 0 0 -1 -1 -1 -1 0.2032 0.2032 0.3048 -5.824158919843547 16.61941996671224 -0.030940805443127956 0
Cone 0 0 0 -1 -1 -1 -1 0.2032 0.2032 0.3048 -1.7781573294099715 12.378999034850727 -0.0346215469462531 0
Cone 0 0 0 -1 -1 -1 -1 0.2032 0.2032 0.3048 1.5297725319936752 17.002467706376954 -0.13660975875258446 0
Cone 0 0 0 -1 -1 -1 -1 0.2032 0.2032 0.3048 1.769403011607615 2.2760364658713104 0.1318750521361828 0
Cone 0 0 0 -1 -1 -1 -1 0.2032 0.2032 0.3048 -3.651831143093618 16.52869577663605 -0.059794692514340095 0
Cone 0 0 0 -1 -1 -1 -1 0.2032 0.2032 0.3048 2.0728905916288376 14.204601242715759 -0.09179990323185921 0
Cone 0 0 0 -1 -1 -1 -1 0.2032 0.2032 0.3048 -1.9178671866580963 6.4155838833000685 0.13686560013095536 0
