Cone 0 0 0 -1 -1 -1 -1 0.2032 0.2032 0.3048 -11.681539760356987 9.065401204335666 -0.033813356924057014 0
Cone 0 0 0 -1 -1 -1 -1 0.2032 0.2032 0.3048 -12.758363339297485 12.726296260530395 -0.19518561618328095 0
Cone 0 0 0 -1 -1 -1 -1 0.2032 0.2032 0.3048 -14.687491334470623 12.17536782679423 -0.1482447331825892 0
Cone 0 0 0 -1 -1 -1 -1 0.2032 0.2032 0.3048 -10.85539231001587 13.276987626726074 -0.26041260318756104 0
Cone 0 0 0 -1 -1 -1 -1 0.2032 0.2032 0.3048 -4.7794555527563825 6.666570303643203 0.00857138297172806 0
Cone 0 0 0 -1 -1 -1 -1 0.2032 0.2032 0.3048 -7.881157379341634 10.197769843116047 -0.14329214251836142 0
Cone 0 0 0 -1 -1 -1 -1 0.2032 0.2032 0.3048 -2.490619066350174 3.2243174757308197 0.08762078309506176 0
Cone 0 0 0 -1 -1 -1 -1 0.2032 0.2032 0.3048 -5.7710885279161 9.492424993574973 -0.11759030705065958 0
Cone 0 0 0 -1 -1 -1 -1 0.2032 0.2032 0.3048 -5.368689043315761 8.66500167506401 -0.07199600792725883 0
Cone 0 0 0 -1 -1 -1 -1 0.2032 0.2032 0.3048 -5.708219858996582 13.82723911064331 -0.2853158112049103 0
Cone 0 0 0 -1 -1 -1 -1 0.2032 0.2032 0.3048 -2.8905238240882873 12.002320959741516 -0.2600091393470764 0
Cone 0 0 0 -1 -1 -1 -1 0.2032 0.2032 0.3048 -1.0984722959069388 7.715991026166294 -0.03783089092458998 0
Cone 0 0 0 -1 -1 -1 -1 0.2032 0.2032 0.3048 -1.6733423401837666 9.64731053540004 -0.12828381157006538 0
Cone 0 0 0 -1 -1 -1 -1 0.2032 0.2032 0.3048 1.160047610409546 4.264084464087727 0.10662579827706017 0
Cone 0 0 0 -1 -1 -1 -1 0.2032 0.2032 0.3048 2.254142359789587 2.5798651384172384 0.1570687810180364 0
Cone 0 0 0 -1 -1 -1 -1 0.2032 0.2032 0.3048 -0.5492490791537814 5.804506640872667 0.015390634965896597 0
Cone 0 0 0 -1 -1 -1 -1 0.2032 0.2032 0.3048 -8.912159296862793 13.872045114213867 -0.2669473882198334 0
