Cone 0 0 0 -1 -1 -1 -1 0.2032 0.2032 0.3048 -14.600077641996256 12.673050159786785 0.024070303074518833 0
Cone 0 0 0 -1 -1 -1 -1 0.2032 0.2032 0.3048 -9.78097497323405 9.284576013261718 -0.012170143493016565 0
Cone 0 0 0 -1 -1 -1 -1 0.2032 0.2032 0.3048 -9.726956698291016 13.081367471391601 -0.07154033439159393 0
Cone 0 0 0 -1 -1 -1 -1 0.2032 0.2032 0.3048 -7.755048446846517 13.077072853420818 -0.10529326356252035 0
Cone 0 0 0 -1 -1 -1 -1 0.2032 0.2032 0.3048 -5.89648407994957 9.197428836996002 -0.04708058902919293 0
Cone 0 0 0 -1 -1 -1 -1 0.2032 0.2032 0.3048 -1.900898255264906 2.989378689123019 0.0908272824957515 0
Cone 0 0 0 -1 -1 -1 -1 0.2032 0.2032 0.3048 -2.0063936581139883 7.907248936667684 -0.06343105367620787 0
Cone 0 0 0 -1 -1 -1 -1 0.2032 0.2032 0.3048 -1.807343187920761 6.8869428183383175 -0.08396963732242585 0
Cone 0 0 0 -1 -1 -1 -1 0.2032 0.2032 0.3048 -2.639935655387751 8.673181190664215 -0.046815054682890586 0
Cone 0 0 0 -1 -1 -1 -1 0.2032 0.2032 0.3048 -0.49420377341730026 11.841397427664273 -0.1410285109531312 0
Cone 0 0 0 -1 -1 -1 -1 0.2032 0.2032 0.3048 1.4111617833450318 9.546583949103598 -0.06071736272970837 0
Cone 0 0 0 -1 -1 -1 -1 0.2032 0.2032 0.3048 1.9804152518585205 6.819210841829223 0.05193895144462585 0
Cone 0 0 0 -1 -1 -1 -1 0.2032 0.2032 0.3048 1.9220310598686219 4.775123717958373 0.049955423108736664 0
Cone 0 0 0 -1 -1 -1 -1 0.2032 0.2032 0.3048 1.9136031321758906 2.8598000269876347 0.10979160344302652 0
Cone 0 0 0 -1 -1 -1 -1 0.2032 0.2032 0.3048 -7.81026168630439 9.205330657867567 -0.02565506223307716 0
Cone 0 0 0 -1 -1 -1 -1 0.2032 0.2032 0.3048 -3.7520554294114428 9.107410624200744 -0.045972520263327515 0
Cone 0 0 0 -1 -1 -1 -1 0.2032 0.2032 0.3048 -11.924256655566406 9.384488775903625 0.03470709217786788 0
Cone 0 0 0 -1 -1 -1 -1 0.2032 0.2032 0.3048 -5.760619255892944 12.953049733812255 -0.06943258600234986 0
Cone 0 0 0 -1 -1 -1 -1 0.2032 0.2032 0.3048 -12.903774949900818 9.208356335336608 0.05013616798520088 0
Cone 0 0 0 -1 -1 -1 -1 0.2032 0.2032 0.3048 -11.75263819395752 13.188057337775472 -0.04787331279913585 0
Cone 0 0 0 -1 -1 -1 -1 0.2032 0.2032 0.3048 -1.8490740133108956 4.989470374303559 0.006783021777016768 0
