Cone 0 0 0 -1 -1 -1 -1 0.2032 0.2032 0.3048 -11.548982752355448 9.000308746670328 -0.02043245441516241 0
Cone 0 0 0 -1 -1 -1 -1 0.2032 0.2032 0.3048 -13.180740369352213 12.482097222978515 -0.04377694385051728 0
Cone 0 0 0 -1 -1 -1 -1 0.2032 0.2032 0.3048 -9.754522892825317 9.816382363016052 -0.01682703216175239 0
Cone 0 0 0 -1 -1 -1 -1 0.2032 0.2032 0.3048 -1.6399486321136476 2.017581571116689 0.10453719991644221 0
Cone 0 0 0 -1 -1 -1 -1 0.2032 0.2032 0.3048 -7.9295414417907715 10.673644139940185 -0.013656913805007942 0
Cone 0 0 0 -1 -1 -1 -1 0.2032 0.2032 0.3048 -4.144442555300904 7.422497775728148 -0.004320583311716722 0
Cone 0 0 0 -1 -1 -1 -1 0.2032 0.2032 0.3048 -9.52839571109096 14.16331979802996 -0.019136660436221538 0
Cone 0 0 0 -1 -1 -1 -1 0.2032 0.2032 0.3048 -2.4718131580448697 3.820015453443996 0.06700543960276104 0
Cone 0 0 0 -1 -1 -1 -1 0.2032 0.2032 0.3048 -4.961613754282052 9.228449304277342 -0.01869328736918314 0
Cone 0 0 0 -1 -1 -1 -1 0.2032 0.2032 0.3048 -5.755088600508881 11.097365890517477 -0.03813410134911538 0
Cone 0 0 0 -1 -1 -1 -1 0.2032 0.2032 0.3048 -6.02704136867574 19.111411055216127 -0.1146988147746949 0
Cone 0 0 0 -1 -1 -1 -1 0.2032 0.2032 0.3048 -7.6921783947207985 14.986517980272216 -0.029035682050387073 0
Cone 0 0 0 -1 -1 -1 -1 0.2032 0.2032 0.3048 -11.352617674065145 13.319763416622722 -0.04036552912791571 0
Cone 0 0 0 -1 -1 -1 -1 0.2032 0.2032 0.3048 -5.875989052645874 15.790249938343607 -0.08981429121692976 0
Cone 0 0 0 -1 -1 -1 -1 0.2032 0.2032 0.3048 -3.98409262596817 16.58134833432699 -0.09334540200034779 0
Cone 0 0 0 -1 -1 -1 -1 0.2032 0.2032 0.3048 -1.4138123853264704 10.727065372375623 -0.03352525621785058 0
Cone 0 0 0 -1 -1 -1 -1 0.2032 0.2032 0.3048 -2.254988145395061 12.580130276512886 -0.03846126539025989 0
Cone 0 0 0 -1 -1 -1 -1 0.2032 0.2032 0.3048 -0.6577255188492911 8.991011660499586 -0.012773166607675107 0
Cone 0 0 0 -1 -1 -1 -1 0.2032 0.2032 0.3048 0.15733898257959683 7.206360891038819 0.06135281963348388 0
Cone 0 0 0 -1 -1 -1 -1 0.2032 0.2032 0.3048 0.9813815722937266 5.34965212600891 0.06858428238034248 0
Cone 0 0 0 -1 -1 -1 -1 0.2032 0.2032 0.3048 -14.972551104418946 11.633375909501952 -0.09593384222984315 0
Cone 0 0 0 -1 -1 -1 -1 0.2032 0.2032 0.3048 -6.122535775239635 11.46744090631214 -0.02450575317314694 0
Cone 0 0 0 -1 -1 -1 -1 0.2032 0.2032 0.3048 1.8309036122975486 3.5755590396299954 0.13241657900654133 0
Cone 0 0 0 -1 -1 -1 -1 0.2032 0.2032 0.3048 -3.312981380018107 5.619863584215088 0.04870798978408177 0
