Cone 0 0 0 -1 -1 -1 -1 0.2032 0.2032 0.3048 -13.326634313986544 9.972375361033256 0.12923091113434895 0
Cone 0 0 0 -1 -1 -1 -1 0.2032 0.2032 0.3048 -14.558721793683878 12.094525888139648 0.08985092906355856 0
Cone 0 0 0 -1 -1 -1 -1 0.2032 0.2032 0.3048 -12.370543691508484 14.17430372493927 -0.09051544176340104 0
Cone 0 0 0 -1 -1 -1 -1 0.2032 0.2032 0.3048 -13.33726232547811 13.965241665218914 -0.042905158037609525 0
Cone 0 0 0 -1 -1 -1 -1 0.2032 0.2032 0.3048 -14.154787500360786 13.302049869869792 -0.02924038426876069 0
Cone 0 0 0 -1 -1 -1 -1 0.2032 0.2032 0.3048 -2.038847864660136 2.2028890184971783 0.10001573290957343 0
Cone 0 0 0 -1 -1 -1 -1 0.2032 0.2032 0.3048 -10.227695438258362 14.163873746568603 -0.13170397238731385 0
Cone 0 0 0 -1 -1 -1 -1 0.2032 0.2032 0.3048 -8.277907106272888 14.1607695366687 -0.16256188558340073 0
Cone 0 0 0 -1 -1 -1 -1 0.2032 0.2032 0.3048 -6.344894561164093 14.194687082940979 -0.20260457651615144 0
Cone 0 0 0 -1 -1 -1 -1 0.2032 0.2032 0.3048 -8.330544802539062 18.032516076738283 -0.2629547810236613 0
Cone 0 0 0 -1 -1 -1 -1 0.2032 0.2032 0.3048 -2.0647874563858033 4.155805089647215 0.12789485385715957 0
Cone 0 0 0 -1 -1 -1 -1 0.2032 0.2032 0.3048 -6.318620058886719 18.02391894119446 -0.30376888023614884 0
Cone 0 0 0 -1 -1 -1 -1 0.2032 0.2032 0.3048 -2.102334750684611 6.088912799531861 0.07284242951075236 0
Cone 0 0 0 -1 -1 -1 -1 0.2032 0.2032 0.3048 -2.109053695304814 8.071828651336805 -0.05315848755748184 0
Cone 0 0 0 -1 -1 -1 -1 0.2032 0.2032 0.3048 -4.30198885301005 18.062510405555013 -0.32190257267951966 0
Cone 0 0 0 -1 -1 -1 -1 0.2032 0.2032 0.3048 -4.212724250121852 14.230617392917829 -0.220068479858126 0
Cone 0 0 0 -1 -1 -1 -1 0.2032 0.2032 0.3048 -2.200689765803528 12.051719501192016 -0.16293772515455884 0
Cone 0 0 0 -1 -1 -1 -1 0.2032 0.2032 0.3048 -2.154792043559265 10.079972484285278 -0.11818496591647468 0
Cone 0 0 0 -1 -1 -1 -1 0.2032 0.2032 0.3048 -1.0548328339979172 17.076598718339845 -0.35858859823942185 0
Cone 0 0 0 -1 -1 -1 -1 0.2032 0.2032 0.3048 0.9438090890720368 14.850737741166991 -0.2536128278255463 0
Cone 0 0 0 -1 -1 -1 -1 0.2032 0.2032 0.3048 1.6266697317436218 10.069763549077487 -0.12843595153888068 0
Cone 0 0 0 -1 -1 -1 -1 0.2032 0.2032 0.3048 1.6192030280902863 12.098780971011825 -0.18174047062926824 0
Cone 0 0 0 -1 -1 -1 -1 0.2032 0.2032 0.3048 1.689227548249054 6.099900319749755 0.0659553673684597 0
Cone 0 0 0 -1 -1 -1 -1 0.2032 0.2032 0.3048 1.6658889104997 8.074843985413157 -0.04459335512717566 0
Cone 0 0 0 -1 -1 -1 -1 0.2032 0.2032 0.3048 1.7226037162947865 4.121356962033089 0.12524405071586367 0
Cone 0 0 0 -1 -1 -1 -1 0.2032 0.2032 0.3048 1.726047158171302 2.1534483862032556 0.1856544851655842 0
