Cone 0 0 0 -1 -1 -1 -1 0.2032 0.2032 0.3048 -12.08034389514974 8.046051417365316 0.1499518123090267 0
Cone 0 0 0 -1 -1 -1 -1 0.2032 0.2032 0.3048 -14.911607477061462 11.296895935708923 0.07764945222139358 0
Cone 0 0 0 -1 -1 -1 -1 0.2032 0.2032 0.3048 -8.044956379128012 8.04008639644382 0.030201952091852818 0
Cone 0 0 0 -1 -1 -1 -1 0.2032 0.2032 0.3048 -12.034105101882597 11.868401919379476 0.05702953605055808 0
Cone 0 0 0 -1 -1 -1 -1 0.2032 0.2032 0.3048 -6.106837285550943 8.036158635789795 0.026358621003230404 0
Cone 0 0 0 -1 -1 -1 -1 0.2032 0.2032 0.3048 -10.024687652779134 11.836981052731119 0.043835233084360756 0
Cone 0 0 0 -1 -1 -1 -1 0.2032 0.2032 0.3048 -8.052211747890558 11.856532663677774 -0.021286368768745 0
Cone 0 0 0 -1 -1 -1 -1 0.2032 0.2032 0.3048 -6.060023575020345 11.862408108090007 -0.01078289306958517 0
Cone 0 0 0 -1 -1 -1 -1 0.2032 0.2032 0.3048 -3.9784818437763034 8.028615373943888 0.014179600069068722 0
Cone 0 0 0 -1 -1 -1 -1 0.2032 0.2032 0.3048 -1.953929589515771 3.954417210063645 0.06142185402280753 0
Cone 0 0 0 -1 -1 -1 -1 0.2032 0.2032 0.3048 -2.850157865117597 7.662733855988653 0.0066352740437265354 0
Cone 0 0 0 -1 -1 -1 -1 0.2032 0.2032 0.3048 -1.9603371550565085 5.8619402990486655 0.004681119503577543 0
Cone 0 0 0 -1 -1 -1 -1 0.2032 0.2032 0.3048 -4.0168178210581456 11.858031029079996 -0.06687090254624685 0
Cone 0 0 0 -1 -1 -1 -1 0.2032 0.2032 0.3048 -2.1868192285224914 6.8947929884738155 0.04084885535836219 0
Cone 0 0 0 -1 -1 -1 -1 0.2032 0.2032 0.3048 -0.7943113322694506 10.85140036770595 -0.07412074314355852 0
Cone 0 0 0 -1 -1 -1 -1 0.2032 0.2032 0.3048 1.1864608985565674 8.606245472604675 0.00035465618478945404 0
Cone 0 0 0 -1 -1 -1 -1 0.2032 0.2032 0.3048 1.820060915755717 5.865429528462863 0.08127952823903824 0
Cone 0 0 0 -1 -1 -1 -1 0.2032 0.2032 0.3048 1.8315547823980332 3.8780661618457666 0.11142004820903141 0
Cone 0 0 0 -1 -1 -1 -1 0.2032 0.2032 0.3048 -9.992326304309081 8.043784533515218 0.057661821377277364 0
Cone 0 0 0 -1 -1 -1 -1 0.2032 0.2032 0.3048 1.9101018279865265 1.9338681544608307 0.21114763815651338 0
