Cone 0 0 0 -1 -1 -1 -1 0.2032 0.2032 0.3048 -10.860072864087932 8.774376704866333 -0.023855424988269813 0
Cone 0 0 0 -1 -1 -1 -1 0.2032 0.2032 0.3048 -14.23649582564087 11.482374026948852 -0.07625054525136948 0
Cone 0 0 0 -1 -1 -1 -1 0.2032 0.2032 0.3048 -4.708528968684387 4.665612563068313 0.05559386169612407 0
Cone 0 0 0 -1 -1 -1 -1 0.2032 0.2032 0.3048 -7.898733532279387 9.672499424222323 -0.08639714327255886 0
Cone 0 0 0 -1 -1 -1 -1 0.2032 0.2032 0.3048 -9.01555274028829 9.563033782019858 -0.1025576055725416 0
Cone 0 0 0 -1 -1 -1 -1 0.2032 0.2032 0.3048 -5.506042361677769 6.463827920247047 0.04023386949925195 0
Cone 0 0 0 -1 -1 -1 -1 0.2032 0.2032 0.3048 -2.8024204204405465 3.3719759032871752 0.12069988045295078 0
Cone 0 0 0 -1 -1 -1 -1 0.2032 0.2032 0.3048 -1.4871590995051915 1.84020526664917 0.13396059060957696 0
Cone 0 0 0 -1 -1 -1 -1 0.2032 0.2032 0.3048 -6.884117598043678 9.169690592235398 -0.07602935645920891 0
Cone 0 0 0 -1 -1 -1 -1 0.2032 0.2032 0.3048 -10.54400131403656 13.061340167695922 -0.18002760367393494 0
Cone 0 0 0 -1 -1 -1 -1 0.2032 0.2032 0.3048 -6.346668491554768 8.38591535347168 -0.027968696522712715 0
Cone 0 0 0 -1 -1 -1 -1 0.2032 0.2032 0.3048 -7.358642114194742 13.47660294629598 -0.28607689297993977 0
Cone 0 0 0 -1 -1 -1 -1 0.2032 0.2032 0.3048 -2.823713865868759 9.864011592243756 -0.12196950472195947 0
Cone 0 0 0 -1 -1 -1 -1 0.2032 0.2032 0.3048 -4.348510238520813 12.046445205385131 -0.2417701180458069 0
Cone 0 0 0 -1 -1 -1 -1 0.2032 0.2032 0.3048 -1.207071376832835 6.162624194795533 -0.03518376704851787 0
Cone 0 0 0 -1 -1 -1 -1 0.2032 0.2032 0.3048 -2.018508275839202 7.995356243922951 -0.03736683869659902 0
Cone 0 0 0 -1 -1 -1 -1 0.2032 0.2032 0.3048 0.6803718358352662 4.805441787416381 0.059973940682411186 0
Cone 0 0 0 -1 -1 -1 -1 0.2032 0.2032 0.3048 1.999448824362019 3.357246189177391 0.1208774269016016 0
