Cone 0 0 0 -1 -1 -1 -1 0.2032 0.2032 0.3048 -7.889476034037781 5.905086829835815 0.1265660323768854 0
Cone 0 0 0 -1 -1 -1 -1 0.2032 0.2032 0.3048 -4.4430942505523685 3.9893648411578364 0.09559158949255943 0
Cone 0 0 0 -1 -1 -1 -1 0.2032 0.2032 0.3048 -2.6900339975878715 3.000148124818646 0.08251543845434982 0
Cone 0 0 0 -1 -1 -1 -1 0.2032 0.2032 0.3048 -1.9126343250071256 2.1771363981648375 0.08508360148203836 0
Cone 0 0 0 -1 -1 -1 -1 0.2032 0.2032 0.3048 -9.414037717374674 11.186799600297851 0.1355217947880427 0
Cone 0 0 0 -1 -1 -1 -1 0.2032 0.2032 0.3048 -7.666564636421712 10.188434158339742 0.10769640200535456 0
Cone 0 0 0 -1 -1 -1 -1 0.2032 0.2032 0.3048 -4.301015452867593 8.262093333311853 0.054999062806699 0
Cone 0 0 0 -1 -1 -1 -1 0.2032 0.2032 0.3048 -6.036613016319784 9.252508221640827 0.06032230002880096 0
Cone 0 0 0 -1 -1 -1 -1 0.2032 0.2032 0.3048 -0.8032887111033121 6.33103378074829 0.06406086477835972 0
Cone 0 0 0 -1 -1 -1 -1 0.2032 0.2032 0.3048 1.391292916742452 4.002959420854491 0.12016933286637065 0
