Cone 0 0 0 -1 -1 -1 -1 0.2032 0.2032 0.3048 -14.95530924498291 9.620857789689941 0.12301326586008073 0
Cone 0 0 0 -1 -1 -1 -1 0.2032 0.2032 0.3048 -8.066992915662638 6.526360879912617 0.059311461381117495 0
Cone 0 0 0 -1 -1 -1 -1 0.2032 0.2032 0.3048 -10.13269886671753 10.306774149909259 0.023614481520652764 0
Cone 0 0 0 -1 -1 -1 -1 0.2032 0.2032 0.3048 -6.149608491308547 6.563848244450405 0.06479173760992107 0
Cone 0 0 0 -1 -1 -1 -1 0.2032 0.2032 0.3048 -8.159173647224089 10.352811635773689 0.021154933934741545 0
Cone 0 0 0 -1 -1 -1 -1 0.2032 0.2032 0.3048 -1.909265791037856 2.614954428780055 0.12648882006473008 0
Cone 0 0 0 -1 -1 -1 -1 0.2032 0.2032 0.3048 -6.161357723665747 10.386149997089944 0.0248553217023611 0
Cone 0 0 0 -1 -1 -1 -1 0.2032 0.2032 0.3048 -4.156133142648107 10.467167180624973 -0.004698542618209673 0
Cone 0 0 0 -1 -1 -1 -1 0.2032 0.2032 0.3048 -1.9604205260599774 4.521849070563556 0.07861817025343576 0
Cone 0 0 0 -1 -1 -1 -1 0.2032 0.2032 0.3048 -2.2072776883766174 5.53212614315216 0.08168946249485015 0
Cone 0 0 0 -1 -1 -1 -1 0.2032 0.2032 0.3048 -2.864672633998108 6.279818966562194 0.04640865741372108 0
Cone 0 0 0 -1 -1 -1 -1 0.2032 0.2032 0.3048 -0.8800690297652846 9.5270522823126 -0.010583754337716994 0
Cone 0 0 0 -1 -1 -1 -1 0.2032 0.2032 0.3048 1.1493443518951416 7.33979407407308 0.07709350728193919 0
Cone 0 0 0 -1 -1 -1 -1 0.2032 0.2032 0.3048 1.8313450021950617 4.588506110417819 0.15044461978673934 0
Cone 0 0 0 -1 -1 -1 -1 0.2032 0.2032 0.3048 1.9088238878407817 2.6217230101237208 0.17609463357209737 0
Cone 0 0 0 -1 -1 -1 -1 0.2032 0.2032 0.3048 -12.160906764857483 10.311514451677246 0.1027900655388832 0
