Cone 0 0 0 -1 -1 -1 -1 0.2032 0.2032 0.3048 -13.25098499953003 8.754981115037841 0.10301771057844161 0
Cone 0 0 0 -1 -1 -1 -1 0.2032 0.2032 0.3048 -11.171209772089302 9.048945236114637 0.03419115188916524 0
Cone 0 0 0 -1 -1 -1 -1 0.2032 0.2032 0.3048 -15.732555720202637 12.213127925569458 0.027127288711071007 0
Cone 0 0 0 -1 -1 -1 -1 0.2032 0.2032 0.3048 -13.779578921191407 12.50619647758667 -0.014284836816787723 0
Cone 0 0 0 -1 -1 -1 -1 0.2032 0.2032 0.3048 -1.82766965246119 2.054769273010866 0.10358449663006597 0
Cone 0 0 0 -1 -1 -1 -1 0.2032 0.2032 0.3048 -11.806324574343872 12.842736079866333 -0.005019142794609077 0
Cone 0 0 0 -1 -1 -1 -1 0.2032 0.2032 0.3048 -9.822951488686117 13.16582496421997 0.012921741040547684 0
Cone 0 0 0 -1 -1 -1 -1 0.2032 0.2032 0.3048 -7.2198196222310385 9.672197134441207 0.04552114826213745 0
Cone 0 0 0 -1 -1 -1 -1 0.2032 0.2032 0.3048 -7.833896014086914 13.492165281946106 0.03493893561959266 0
Cone 0 0 0 -1 -1 -1 -1 0.2032 0.2032 0.3048 -5.2765251810987195 10.053756856070033 0.08216114039208207 0
Cone 0 0 0 -1 -1 -1 -1 0.2032 0.2032 0.3048 -2.1517040461227417 3.9739751629445053 0.08201437527802254 0
Cone 0 0 0 -1 -1 -1 -1 0.2032 0.2032 0.3048 -5.874184515402561 13.808236249196508 0.0685440914650758 0
Cone 0 0 0 -1 -1 -1 -1 0.2032 0.2032 0.3048 1.2805861105595906 6.510994428967082 0.053696175845464066 0
Cone 0 0 0 -1 -1 -1 -1 0.2032 0.2032 0.3048 -1.9526710718795774 14.445056154901428 0.0653576110124588 0
Cone 0 0 0 -1 -1 -1 -1 0.2032 0.2032 0.3048 -3.1929013227112115 10.078498005775588 0.08176993448332186 0
Cone 0 0 0 -1 -1 -1 -1 0.2032 0.2032 0.3048 0.08001064775241012 14.669098672699715 0.08008626705110072 0
Cone 0 0 0 -1 -1 -1 -1 0.2032 0.2032 0.3048 1.5710615171400917 4.557035904369065 0.11837442044864095 0
Cone 0 0 0 -1 -1 -1 -1 0.2032 0.2032 0.3048 0.9926454414998371 8.358940568938495 0.06181449719468751 0
Cone 0 0 0 -1 -1 -1 -1 0.2032 0.2032 0.3048 -2.780396851889801 7.8593218007763 0.0788924561758836 0
Cone 0 0 0 -1 -1 -1 -1 0.2032 0.2032 0.3048 -2.4733017414733887 5.9349218950417075 0.08107375644842783 0
Cone 0 0 0 -1 -1 -1 -1 0.2032 0.2032 0.3048 0.6886252303992589 10.347107071255289 0.06971171590884526 0
Cone 0 0 0 -1 -1 -1 -1 0.2032 0.2032 0.3048 -3.916023084513855 14.144978501970215 0.04893966807126998 0
Cone 0 0 0 -1 -1 -1 -1 0.2032 0.2032 0.3048 1.9414199010452662 2.6477908716347245 0.178888811726295 0
