Cone 0 0 0 -1 -1 -1 -1 0.2032 0.2032 0.3048 -11.236474463336181 11.693024232561035 -0.2948953624248505 0
Cone 0 0 0 -1 -1 -1 -1 0.2032 0.2032 0.3048 -4.853396322653538 7.8464999674836555 -0.13760617332458497 0
Cone 0 0 0 -1 -1 -1 -1 0.2032 0.2032 0.3048 -1.6815856653581307 2.8440140613738056 0.10452550727582384 0
Cone 0 0 0 -1 -1 -1 -1 0.2032 0.2032 0.3048 -9.441769294930014 12.615371619239095 -0.3389160926818848 0
Cone 0 0 0 -1 -1 -1 -1 0.2032 0.2032 0.3048 -7.255707117907715 12.21763046043579 -0.3481380935192108 0
Cone 0 0 0 -1 -1 -1 -1 0.2032 0.2032 0.3048 -6.823837134234619 11.661549271386177 -0.34790182733005953 0
Cone 0 0 0 -1 -1 -1 -1 0.2032 0.2032 0.3048 -5.7600167075718565 9.663069630240045 -0.24099122845182813 0
Cone 0 0 0 -1 -1 -1 -1 0.2032 0.2032 0.3048 -2.8610698312446594 6.626108958894653 -0.10356233971118928 0
Cone 0 0 0 -1 -1 -1 -1 0.2032 0.2032 0.3048 -1.485279986254883 5.130935361558837 -0.016331302690505988 0
Cone 0 0 0 -1 -1 -1 -1 0.2032 0.2032 0.3048 -1.4859428634171803 9.606968106072456 -0.2244562949419022 0
Cone 0 0 0 -1 -1 -1 -1 0.2032 0.2032 0.3048 -3.296674403540802 13.184467032129211 -0.4060908030152321 0
Cone 0 0 0 -1 -1 -1 -1 0.2032 0.2032 0.3048 -2.377520085934739 11.390230678663723 -0.289493922601995 0
Cone 0 0 0 -1 -1 -1 -1 0.2032 0.2032 0.3048 0.48649538689933347 8.316878880303413 -0.13462090780470107 0
Cone 0 0 0 -1 -1 -1 -1 0.2032 0.2032 0.3048 4.950604465611267 16.05854908086324 -0.3821136847813924 0
Cone 0 0 0 -1 -1 -1 -1 0.2032 0.2032 0.3048 -12.981415443611654 10.802560403520507 -0.23210656599998472 0
Cone 0 0 0 -1 -1 -1 -1 0.2032 0.2032 0.3048 1.662532694375574 2.3203496577090448 0.18183372748380616 0
Cone 0 0 0 -1 -1 -1 -1 0.2032 0.2032 0.3048 -4.921724729729207 15.305586888963623 -0.5307950770537059 0
Cone 0 0 0 -1 -1 -1 -1 0.2032 0.2032 0.3048 1.6656699508502961 4.542577352697295 0.08307502722442149 0
