Cone 0 0 0 -1 -1 -1 -1 0.2032 0.2032 0.3048 -14.153667303912354 10.050333573991699 0.1317741595774889 0
Cone 0 0 0 -1 -1 -1 -1 0.2032 0.2032 0.3048 -8.15243248640747 5.7850838766243475 0.0949580147186915 0
Cone 0 0 0 -1 -1 -1 -1 0.2032 0.2032 0.3048 -11.174317213885498 10.88937830386027 0.02287186476786931 0
Cone 0 0 0 -1 -1 -1 -1 0.2032 0.2032 0.3048 -8.318855922981044 10.156896983161214 0.011406964563755754 0
Cone 0 0 0 -1 -1 -1 -1 0.2032 0.2032 0.3048 -2.730401533834648 3.2009118691828276 0.10031218186716236 0
Cone 0 0 0 -1 -1 -1 -1 0.2032 0.2032 0.3048 -1.9150699923046095 2.3832502198945043 0.14302454644356455 0
Cone 0 0 0 -1 -1 -1 -1 0.2032 0.2032 0.3048 -6.528471900018565 9.247118308717651 0.0003559879283110221 0
Cone 0 0 0 -1 -1 -1 -1 0.2032 0.2032 0.3048 -4.729342780077398 8.369192526741042 0.0013614975304830565 0
Cone 0 0 0 -1 -1 -1 -1 0.2032 0.2032 0.3048 -2.931881579749298 7.502528860742492 -0.03694558100700379 0
Cone 0 0 0 -1 -1 -1 -1 0.2032 0.2032 0.3048 -1.1209661692306518 6.648412778551025 0.05015198929309844 0
Cone 0 0 0 -1 -1 -1 -1 0.2032 0.2032 0.3048 8.247228681055196 14.146275387778523 -0.20364097413221996 0
Cone 0 0 0 -1 -1 -1 -1 0.2032 0.2032 0.3048 1.3644673489936405 4.325950467495099 0.08381021214723587 0
Cone 0 0 0 -1 -1 -1 -1 0.2032 0.2032 0.3048 6.948373225338745 4.8314873124903865 -0.09451283471584321 0
