Cone 0 0 0 -1 -1 -1 -1 0.2032 0.2032 0.3048 -8.575891050688934 8.377653166229171 0.041175287646055214 0
Cone 0 0 0 -1 -1 -1 -1 0.2032 0.2032 0.3048 -12.906646224848938 11.817841723138732 -0.038961473423242576 0
Cone 0 0 0 -1 -1 -1 -1 0.2032 0.2032 0.3048 -6.607697849843368 8.550298028809092 0.03848014028403494 0
Cone 0 0 0 -1 -1 -1 -1 0.2032 0.2032 0.3048 -10.938441845767212 12.05338247078125 -0.04041613595485688 0
Cone 0 0 0 -1 -1 -1 -1 0.2032 0.2032 0.3048 -1.998823366778097 2.4822189942946546 0.1602112179770153 0
Cone 0 0 0 -1 -1 -1 -1 0.2032 0.2032 0.3048 -8.924005680275473 12.199212466254476 -0.01898867594003678 0
Cone 0 0 0 -1 -1 -1 -1 0.2032 0.2032 0.3048 -2.114858878644816 4.402532274101816 0.058493263827760995 0
Cone 0 0 0 -1 -1 -1 -1 0.2032 0.2032 0.3048 -4.609136311404419 8.70660762486323 0.05120840602318445 0
Cone 0 0 0 -1 -1 -1 -1 0.2032 0.2032 0.3048 -6.955707165591431 12.376912191087646 0.008465458757678658 0
Cone 0 0 0 -1 -1 -1 -1 0.2032 0.2032 0.3048 -2.3138607472106933 6.416594340974732 0.0688087497472763 0
Cone 0 0 0 -1 -1 -1 -1 0.2032 0.2032 0.3048 -2.587663089649632 8.677591497156453 0.04600809396384942 0
Cone 0 0 0 -1 -1 -1 -1 0.2032 0.2032 0.3048 1.513443914063263 6.575902933453166 0.04937126778761545 0
Cone 0 0 0 -1 -1 -1 -1 0.2032 0.2032 0.3048 1.8078251817729125 2.7799401680918416 0.13460164418970091 0
Cone 0 0 0 -1 -1 -1 -1 0.2032 0.2032 0.3048 1.0278047464862345 12.945973088914794 0.01583511257618665 0
Cone 0 0 0 -1 -1 -1 -1 0.2032 0.2032 0.3048 1.3236464467860993 8.58660868226855 0.02623993333710564 0
Cone 0 0 0 -1 -1 -1 -1 0.2032 0.2032 0.3048 1.6313963403378806 4.719810440713805 0.08330836748778817 0
Cone 0 0 0 -1 -1 -1 -1 0.2032 0.2032 0.3048 -10.580277243911405 8.193014245471664 -0.029120090505811907 0
Cone 0 0 0 -1 -1 -1 -1 0.2032 0.2032 0.3048 -3.9332738687520346 15.691409534786782 -0.06500607586701712 0
Cone 0 0 0 -1 -1 -1 -1 0.2032 0.2032 0.3048 -2.9604977816268923 12.703880288774414 0.006092460385958345 0
Cone 0 0 0 -1 -1 -1 -1 0.2032 0.2032 0.3048 -0.9993775933906555 12.853562619859618 0.006224926245212547 0
