Cone 0 0 0 -1 -1 -1 -1 0.2032 0.2032 0.3048 -13.276150318972778 8.933591320688171 -0.06120228724479676 0
Cone 0 0 0 -1 -1 -1 -1 0.2032 0.2032 0.3048 -14.088433596484375 12.175224219336751 -0.10310284253756206 0
Cone 0 0 0 -1 -1 -1 -1 0.2032 0.2032 0.3048 -11.729249903552246 12.46479137199585 -0.12029645996093752 0
Cone 0 0 0 -1 -1 -1 -1 0.2032 0.2032 0.3048 -5.581097993247223 6.385185564135156 0.01566286738415558 0
Cone 0 0 0 -1 -1 -1 -1 0.2032 0.2032 0.3048 -2.729203833135478 2.9156479046490222 0.1355335634768009 0
Cone 0 0 0 -1 -1 -1 -1 0.2032 0.2032 0.3048 -1.7676100916731337 2.050965648608903 0.11515760446928794 0
Cone 0 0 0 -1 -1 -1 -1 0.2032 0.2032 0.3048 -8.32078776060791 10.239360406572265 -0.047755725252628334 0
Cone 0 0 0 -1 -1 -1 -1 0.2032 0.2032 0.3048 -9.673431488864136 12.192705705339355 -0.08756508635282517 0
Cone 0 0 0 -1 -1 -1 -1 0.2032 0.2032 0.3048 -6.869932486937288 8.46623513689436 -0.006111452630493383 0
Cone 0 0 0 -1 -1 -1 -1 0.2032 0.2032 0.3048 -3.5246219962760925 6.279169752771301 0.034302603882551186 0
Cone 0 0 0 -1 -1 -1 -1 0.2032 0.2032 0.3048 1.3715915034289043 4.110012559666874 0.08714132413963474 0
Cone 0 0 0 -1 -1 -1 -1 0.2032 0.2032 0.3048 -1.2855831613068898 6.414335245464883 0.05695099178155262 0
