Cone 0 0 0 -1 -1 -1 -1 0.2032 0.2032 0.3048 -14.235554644458007 9.717146852189941 0.01572860522270202 0
Cone 0 0 0 -1 -1 -1 -1 0.2032 0.2032 0.3048 -13.012169016393534 11.587877109224243 -0.12042852820754052 0
Cone 0 0 0 -1 -1 -1 -1 0.2032 0.2032 0.3048 -13.866943094126892 10.90785618084137 -0.07663082102239133 0
Cone 0 0 0 -1 -1 -1 -1 0.2032 0.2032 0.3048 -12.018556925646973 11.738376691514894 -0.18403806842168172 0
Cone 0 0 0 -1 -1 -1 -1 0.2032 0.2032 0.3048 -11.907601846250406 15.58367196179891 -0.28369825538794197 0
Cone 0 0 0 -1 -1 -1 -1 0.2032 0.2032 0.3048 -9.879281660906983 11.704321077043456 -0.19102019724051159 0
Cone 0 0 0 -1 -1 -1 -1 0.2032 0.2032 0.3048 -7.927104867490642 11.68058138944173 -0.24220412529309593 0
Cone 0 0 0 -1 -1 -1 -1 0.2032 0.2032 0.3048 -1.9253279928575788 3.5418981668526928 0.06494222830079849 0
Cone 0 0 0 -1 -1 -1 -1 0.2032 0.2032 0.3048 -9.89457401930542 15.529465987855836 -0.29609388070106507 0
Cone 0 0 0 -1 -1 -1 -1 0.2032 0.2032 0.3048 -7.875296089045715 15.482334290519 -0.3544217890183131 0
Cone 0 0 0 -1 -1 -1 -1 0.2032 0.2032 0.3048 -6.009409334585911 11.682517920508626 -0.21945516887770763 0
Cone 0 0 0 -1 -1 -1 -1 0.2032 0.2032 0.3048 -5.892583414904785 15.49205549019043 -0.3700406606674195 0
Cone 0 0 0 -1 -1 -1 -1 0.2032 0.2032 0.3048 -1.858577045790863 7.466415717775268 -0.12094536380767823 0
Cone 0 0 0 -1 -1 -1 -1 0.2032 0.2032 0.3048 -2.745167308044942 11.257639005357667 -0.28526561167637504 0
Cone 0 0 0 -1 -1 -1 -1 0.2032 0.2032 0.3048 -2.030702325694275 10.235923364335937 -0.2280037547826767 0
Cone 0 0 0 -1 -1 -1 -1 0.2032 0.2032 0.3048 -1.901037692685106 9.412152459794923 -0.1926148542775048 0
Cone 0 0 0 -1 -1 -1 -1 0.2032 0.2032 0.3048 -0.6414367751868354 14.459288406280653 -0.4390780689663358 0
Cone 0 0 0 -1 -1 -1 -1 0.2032 0.2032 0.3048 1.2983257226043008 12.150173239664694 -0.3239196954575452 0
Cone 0 0 0 -1 -1 -1 -1 0.2032 0.2032 0.3048 1.888054612286377 5.399705770189208 -0.03195538179874421 0
Cone 0 0 0 -1 -1 -1 -1 0.2032 0.2032 0.3048 1.9209226787164688 3.4973204387969203 0.0828631653830409 0
Cone 0 0 0 -1 -1 -1 -1 0.2032 0.2032 0.3048 1.8993024108030137 9.379700524753403 -0.2111607191429252 0
Cone 0 0 0 -1 -1 -1 -1 0.2032 0.2032 0.3048 -3.83222849070282 11.594069459611816 -0.2710151966094971 0
Cone 0 0 0 -1 -1 -1 -1 0.2032 0.2032 0.3048 -1.870716107877604 5.482294554089151 -0.05102955010334652 0
