Cone 0 0 0 -1 -1 -1 -1 0.2032 0.2032 0.3048 -8.718263729831659 7.221812644745977 -0.10593536793845042 0
Cone 0 0 0 -1 -1 -1 -1 0.2032 0.2032 0.3048 -6.760788493347676 6.804912975007934 -0.05523797007203104 0
Cone 0 0 0 -1 -1 -1 -1 0.2032 0.2032 0.3048 -4.799150081697386 6.397894180697535 -0.020870752251224645 0
Cone 0 0 0 -1 -1 -1 -1 0.2032 0.2032 0.3048 -2.8437008589431763 5.969556763345642 0.05267272932529449 0
Cone 0 0 0 -1 -1 -1 -1 0.2032 0.2032 0.3048 -2.510660648007372 9.033322249427084 -0.13825884915192924 0
Cone 0 0 0 -1 -1 -1 -1 0.2032 0.2032 0.3048 -0.9050537741772122 5.566060458197835 0.015233424403932353 0
Cone 0 0 0 -1 -1 -1 -1 0.2032 0.2032 0.3048 -10.730092856280518 7.682101164832357 -0.11551855461597443 0
Cone 0 0 0 -1 -1 -1 -1 0.2032 0.2032 0.3048 0.46551473556528533 8.233492407430699 0.010366595623097071 0
Cone 0 0 0 -1 -1 -1 -1 0.2032 0.2032 0.3048 1.0111131489351273 5.098455264741821 0.035231136214733116 0
Cone 0 0 0 -1 -1 -1 -1 0.2032 0.2032 0.3048 5.6934915155246735 7.213804934993031 -0.12959125470916433 0
Cone 0 0 0 -1 -1 -1 -1 0.2032 0.2032 0.3048 14.618029740460205 8.258700206453247 0.031680658888816826 0
