Cone 0 0 0 -1 -1 -1 -1 0.2032 0.2032 0.3048 -9.729613376082066 8.672993209535521 0.10728182154382977 0
Cone 0 0 0 -1 -1 -1 -1 0.2032 0.2032 0.3048 -11.727680568886312 8.771538856203001 0.11317072354952493 0
Cone 0 0 0 -1 -1 -1 -1 0.2032 0.2032 0.3048 -7.710425578547033 8.592893257314605 0.037811073903739445 0
Cone 0 0 0 -1 -1 -1 -1 0.2032 0.2032 0.3048 -1.8792891104232106 2.4595306566815296 0.1548055201802935 0
Cone 0 0 0 -1 -1 -1 -1 0.2032 0.2032 0.3048 -5.729136082522583 8.515897729570312 0.01737054331302642 0
Cone 0 0 0 -1 -1 -1 -1 0.2032 0.2032 0.3048 -3.7212947111679804 8.476146823170993 -0.002687481601110533 0
Cone 0 0 0 -1 -1 -1 -1 0.2032 0.2032 0.3048 -2.0496038454696657 3.473358533555908 0.10460117502212522 0
Cone 0 0 0 -1 -1 -1 -1 0.2032 0.2032 0.3048 5.215748313076782 19.034005525285647 -0.5019051666736603 0
Cone 0 0 0 -1 -1 -1 -1 0.2032 0.2032 0.3048 1.3702689826562882 5.005450740034027 0.03496465874910354 0
Cone 0 0 0 -1 -1 -1 -1 0.2032 0.2032 0.3048 1.9256745966255306 2.289627211343083 0.17317534251449598 0
