Cone 0 0 0 -1 -1 -1 -1 0.2032 0.2032 0.3048 -13.37431559263916 9.124612087582195 0.2458380452613036 0
Cone 0 0 0 -1 -1 -1 -1 0.2032 0.2032 0.3048 -12.830894387754313 11.050877295508627 0.14247635624135532 0
Cone 0 0 0 -1 -1 -1 -1 0.2032 0.2032 0.3048 -9.844853255145264 12.362566068345947 0.039754236173629755 0
Cone 0 0 0 -1 -1 -1 -1 0.2032 0.2032 0.3048 -11.721124280485027 12.952665053382162 0.08636014703114828 0
Cone 0 0 0 -1 -1 -1 -1 0.2032 0.2032 0.3048 -10.574446309598796 16.562171851172693 -0.016750633287429817 0
Cone 0 0 0 -1 -1 -1 -1 0.2032 0.2032 0.3048 -7.9356555273061105 11.799625709230346 -0.0026840141097704637 0
Cone 0 0 0 -1 -1 -1 -1 0.2032 0.2032 0.3048 -8.654571387164307 15.991856036019113 -0.05059975129876819 0
Cone 0 0 0 -1 -1 -1 -1 0.2032 0.2032 0.3048 -6.014105862702772 11.222417110775556 -0.02705430279307896 0
Cone 0 0 0 -1 -1 -1 -1 0.2032 0.2032 0.3048 -6.8776375740692135 15.468863752061766 -0.133341401386261 0
Cone 0 0 0 -1 -1 -1 -1 0.2032 0.2032 0.3048 -4.1124406943644205 10.673701519344888 -0.01929563042322795 0
Cone 0 0 0 -1 -1 -1 -1 0.2032 0.2032 0.3048 -12.268761011950684 12.932300292029623 0.11835723164876302 0
Cone 0 0 0 -1 -1 -1 -1 0.2032 0.2032 0.3048 -4.961061522357178 14.892259957963866 -0.1788732047557831 0
Cone 0 0 0 -1 -1 -1 -1 0.2032 0.2032 0.3048 -1.4797255128547668 5.504185691053314 0.11313358364701269 0
Cone 0 0 0 -1 -1 -1 -1 0.2032 0.2032 0.3048 -3.0508173833216348 14.323178047512615 -0.1507278130133947 0
Cone 0 0 0 -1 -1 -1 -1 0.2032 0.2032 0.3048 -2.174251020940653 10.06147598681315 -0.07462283727327983 0
Cone 0 0 0 -1 -1 -1 -1 0.2032 0.2032 0.3048 -1.093330745888265 13.758908186927084 -0.17654651857217152 0
Cone 0 0 0 -1 -1 -1 -1 0.2032 0.2032 0.3048 -0.8018674441284873 8.390420724796623 -0.00033999295379176915 0
Cone 0 0 0 -1 -1 -1 -1 0.2032 0.2032 0.3048 -2.04095118045063 3.6066188211983867 0.12968019470026093 0
Cone 0 0 0 -1 -1 -1 -1 0.2032 0.2032 0.3048 -0.9022389531061172 7.509109213525695 0.03125040276050567 0
Cone 0 0 0 -1 -1 -1 -1 0.2032 0.2032 0.3048 2.734708077716319 6.413458500876668 0.11843445070783297 0
Cone 0 0 0 -1 -1 -1 -1 0.2032 0.2032 0.3048 1.6112098060125988 2.566093873621334 0.1750091563446861 0
Cone 0 0 0 -1 -1 -1 -1 0.2032 0.2032 0.3048 2.940023694366778 8.988052478927095 -0.033473353499326966 0
Cone 0 0 0 -1 -1 -1 -1 0.2032 0.2032 0.3048 1.5613414689972878 11.99537546890442 -0.11643152268528939 0
Cone 0 0 0 -1 -1 -1 -1 0.2032 0.2032 0.3048 -1.2749470818148987 9.442540320873356 -0.020041106979774716 0
Cone 0 0 0 -1 -1 -1 -1 0.2032 0.2032 0.3048 2.1469564075345677 4.444513811741911 0.12350711718729673 0
