Cone 0 0 0 -1 -1 -1 -1 0.2032 0.2032 0.3048 -12.167968317858886 10.573688104326171 0.015023825001716607 0
Cone 0 0 0 -1 -1 -1 -1 0.2032 0.2032 0.3048 -14.32565254866333 11.687226369554443 -0.0049460660099983275 0
Cone 0 0 0 -1 -1 -1 -1 0.2032 0.2032 0.3048 -8.081856502088419 8.372735494946085 0.009745787016550692 0
Cone 0 0 0 -1 -1 -1 -1 0.2032 0.2032 0.3048 -12.460200402133179 14.37881131427948 -0.040373738425970085 0
Cone 0 0 0 -1 -1 -1 -1 0.2032 0.2032 0.3048 -1.5761296927777673 2.3061374934213177 0.07680614723853466 0
Cone 0 0 0 -1 -1 -1 -1 0.2032 0.2032 0.3048 -6.138031018766276 9.081600448728908 -0.0639531897849507 0
Cone 0 0 0 -1 -1 -1 -1 0.2032 0.2032 0.3048 -6.350427799416097 13.027406819570041 -0.09376581135855781 0
Cone 0 0 0 -1 -1 -1 -1 0.2032 0.2032 0.3048 -4.092318412654113 10.366799190217895 -0.07883261995315553 0
Cone 0 0 0 -1 -1 -1 -1 0.2032 0.2032 0.3048 -1.7011093676015852 4.189547563170038 0.014717936324079826 0
Cone 0 0 0 -1 -1 -1 -1 0.2032 0.2032 0.3048 -1.932799817117564 8.336980485493582 -0.06071645313799382 0
Cone 0 0 0 -1 -1 -1 -1 0.2032 0.2032 0.3048 -2.894235572211456 10.076981046373291 -0.08435017572641373 0
Cone 0 0 0 -1 -1 -1 -1 0.2032 0.2032 0.3048 -1.8110348313972473 6.080012713446859 -0.04076792753537497 0
Cone 0 0 0 -1 -1 -1 -1 0.2032 0.2032 0.3048 -4.461538804563395 14.197893375729166 -0.1265930330435435 0
Cone 0 0 0 -1 -1 -1 -1 0.2032 0.2032 0.3048 -1.0255452622895558 13.380525742545368 -0.19313857288956643 0
Cone 0 0 0 -1 -1 -1 -1 0.2032 0.2032 0.3048 -10.360359522692871 13.461178694739584 -0.024247462121645618 0
Cone 0 0 0 -1 -1 -1 -1 0.2032 0.2032 0.3048 1.1238600449504004 11.160712448664485 -0.09891017069551682 0
Cone 0 0 0 -1 -1 -1 -1 0.2032 0.2032 0.3048 -2.1208260347371417 9.16842719174886 -0.07694251693089803 0
Cone 0 0 0 -1 -1 -1 -1 0.2032 0.2032 0.3048 -10.114505860202026 9.498115693106893 0.00499932510852813 0
Cone 0 0 0 -1 -1 -1 -1 0.2032 0.2032 0.3048 2.2072907711695073 2.4520089638643556 0.21601042837668902 0
Cone 0 0 0 -1 -1 -1 -1 0.2032 0.2032 0.3048 2.064637047059822 4.392703917200011 0.11526008775532244 0
Cone 0 0 0 -1 -1 -1 -1 0.2032 0.2032 0.3048 1.8908250087574003 8.332003249500834 -0.06323638863166176 0
Cone 0 0 0 -1 -1 -1 -1 0.2032 0.2032 0.3048 1.947075056043752 6.371705208792928 0.08044336282412211 0
Cone 0 0 0 -1 -1 -1 -1 0.2032 0.2032 0.3048 -8.251468949509174 12.208930089647216 -0.09827605592012408 0
