Cone 0 0 0 -1 -1 -1 -1 0.2032 0.2032 0.3048 -12.206238362185669 8.68126960056488 0.011931419801712029 0
Cone 0 0 0 -1 -1 -1 -1 0.2032 0.2032 0.3048 -9.948970267169189 8.097226836854858 -0.017864895927906042 0
Cone 0 0 0 -1 -1 -1 -1 0.2032 0.2032 0.3048 -8.215846498468697 9.215006213626571 -0.001674969561894742 0
Cone 0 0 0 -1 -1 -1 -1 0.2032 0.2032 0.3048 -11.061107648404947 11.775138452226562 -0.04279737504124642 0
Cone 0 0 0 -1 -1 -1 -1 0.2032 0.2032 0.3048 -13.409618350856018 12.475724055940551 -0.008098572063446052 0
Cone 0 0 0 -1 -1 -1 -1 0.2032 0.2032 0.3048 -9.400471700223795 13.034866142181532 -0.07871430572668713 0
Cone 0 0 0 -1 -1 -1 -1 0.2032 0.2032 0.3048 -6.559413525454712 11.011789634401245 -0.05774616407155991 0
Cone 0 0 0 -1 -1 -1 -1 0.2032 0.2032 0.3048 -2.1735420058096566 3.7810899799810276 0.10117519404192765 0
Cone 0 0 0 -1 -1 -1 -1 0.2032 0.2032 0.3048 -2.721492343140157 5.561145920132241 0.023515509001413974 0
Cone 0 0 0 -1 -1 -1 -1 0.2032 0.2032 0.3048 -3.321427616469574 7.439424032543742 0.006565730206171662 0
Cone 0 0 0 -1 -1 -1 -1 0.2032 0.2032 0.3048 -7.8483021388376875 14.630205896074218 -0.16096651213169097 0
Cone 0 0 0 -1 -1 -1 -1 0.2032 0.2032 0.3048 -3.9358376091644285 9.457919230294015 -0.05382781939506531 0
Cone 0 0 0 -1 -1 -1 -1 0.2032 0.2032 0.3048 -4.388779017321777 10.319496228868408 -0.030374943780899055 0
Cone 0 0 0 -1 -1 -1 -1 0.2032 0.2032 0.3048 -4.2994813650772095 14.666531636888427 -0.14593873875141145 0
Cone 0 0 0 -1 -1 -1 -1 0.2032 0.2032 0.3048 -1.6498580770285711 13.030081452172308 -0.1300156211535136 0
Cone 0 0 0 -1 -1 -1 -1 0.2032 0.2032 0.3048 0.3021983705535412 8.55269522241503 -0.031342637003319615 0
Cone 0 0 0 -1 -1 -1 -1 0.2032 0.2032 0.3048 -0.25544552173135543 10.480638864213867 -0.037058199016253165 0
Cone 0 0 0 -1 -1 -1 -1 0.2032 0.2032 0.3048 0.885573577888298 6.646180823022766 0.06445284230709075 0
Cone 0 0 0 -1 -1 -1 -1 0.2032 0.2032 0.3048 1.4606704698742974 4.768978620146356 0.12007231328917874 0
Cone 0 0 0 -1 -1 -1 -1 0.2032 0.2032 0.3048 2.0998757182207015 2.9000088092858594 0.1803846617551609 0
Cone 0 0 0 -1 -1 -1 -1 0.2032 0.2032 0.3048 -5.263077377934434 10.957255702457138 -0.06267552862697179 0
