Cone 0 0 0 -1 -1 -1 -1 0.2032 0.2032 0.3048 -2.9314660625250917 14.406979899844833 -0.2446696753978729 0
Cone 0 0 0 -1 -1 -1 -1 0.2032 0.2032 0.3048 -13.204268513825335 10.631854630938953 0.08829269459190822 0
Cone 0 0 0 -1 -1 -1 -1 0.2032 0.2032 0.3048 1.7810462266281128 8.55204336104258 -0.06710555411179862 0
Cone 0 0 0 -1 -1 -1 -1 0.2032 0.2032 0.3048 -2.025443639531066 2.7211156861789063 0.14611510164451721 0
Cone 0 0 0 -1 -1 -1 -1 0.2032 0.2032 0.3048 1.7612451384539287 12.551727369005127 -0.20640713430245716 0
Cone 0 0 0 -1 -1 -1 -1 0.2032 0.2032 0.3048 -6.093358656756592 18.575766351396485 -0.3361463999430339 0
Cone 0 0 0 -1 -1 -1 -1 0.2032 0.2032 0.3048 -0.8179758518859863 17.571664884263917 -0.3671298916816712 0
Cone 0 0 0 -1 -1 -1 -1 0.2032 0.2032 0.3048 -2.042107430093002 10.620756790281643 -0.12290882433586653 0
Cone 0 0 0 -1 -1 -1 -1 0.2032 0.2032 0.3048 -12.189570174938288 14.813208548136528 -0.11347228245735169 0
Cone 0 0 0 -1 -1 -1 -1 0.2032 0.2032 0.3048 -2.013451152039083 4.641453232371026 0.05931166744288944 0
Cone 0 0 0 -1 -1 -1 -1 0.2032 0.2032 0.3048 -2.0063844293281554 8.578628041917725 -0.062267866798241936 0
Cone 0 0 0 -1 -1 -1 -1 0.2032 0.2032 0.3048 -14.002222391955566 13.954686238939209 -0.010454892683029182 0
Cone 0 0 0 -1 -1 -1 -1 0.2032 0.2032 0.3048 -8.125734183184814 14.779560878450317 -0.21262377457618714 0
Cone 0 0 0 -1 -1 -1 -1 0.2032 0.2032 0.3048 -2.047988785299174 6.6289712534096275 0.06148351771831512 0
Cone 0 0 0 -1 -1 -1 -1 0.2032 0.2032 0.3048 1.7715985147011934 2.6327482268955738 0.15017991728396327 0
Cone 0 0 0 -1 -1 -1 -1 0.2032 0.2032 0.3048 -10.047645263863119 14.788684124325359 -0.17819104880226985 0
Cone 0 0 0 -1 -1 -1 -1 0.2032 0.2032 0.3048 1.766733400743975 6.542434187449514 -0.0005238137040819514 0
Cone 0 0 0 -1 -1 -1 -1 0.2032 0.2032 0.3048 1.7387998918766658 10.543190275206808 -0.15347731132606665 0
Cone 0 0 0 -1 -1 -1 -1 0.2032 0.2032 0.3048 1.7588181833500545 4.560368455027185 0.07759920389155546 0
Cone 0 0 0 -1 -1 -1 -1 0.2032 0.2032 0.3048 -2.0339386286569447 12.564555242235107 -0.20756716410196743 0
Cone 0 0 0 -1 -1 -1 -1 0.2032 0.2032 0.3048 -6.200458241495006 14.778163030321045 -0.24977390425205231 0
Cone 0 0 0 -1 -1 -1 -1 0.2032 0.2032 0.3048 1.1429083913639069 15.334380581552429 -0.29484436618089677 0
Cone 0 0 0 -1 -1 -1 -1 0.2032 0.2032 0.3048 -4.031319154294841 14.713700845415039 -0.2051422790368398 0
Cone 0 0 0 -1 -1 -1 -1 0.2032 0.2032 0.3048 -13.17193178831787 14.621443917924804 -0.04769363062381745 0
Cone 0 0 0 -1 -1 -1 -1 0.2032 0.2032 0.3048 -4.081406256549072 18.606097772294923 -0.3545378263473511 0
