Cone 0 0 0 -1 -1 -1 -1 0.2032 0.2032 0.3048 -11.750735852114868 8.088161423379821 -0.023872397410869606 0
Cone 0 0 0 -1 -1 -1 -1 0.2032 0.2032 0.3048 -14.211461397998047 11.147715324734294 0.06034014913638432 0
Cone 0 0 0 -1 -1 -1 -1 0.2032 0.2032 0.3048 -12.568108253670248 12.3441674655424 0.05128778808514276 0
Cone 0 0 0 -1 -1 -1 -1 0.2032 0.2032 0.3048 -2.0106403029552884 2.5041532718179718 0.10369443373673906 0
Cone 0 0 0 -1 -1 -1 -1 0.2032 0.2032 0.3048 -11.018298320961508 13.604074671441955 -0.016273052312930428 0
Cone 0 0 0 -1 -1 -1 -1 0.2032 0.2032 0.3048 -8.183422848574828 10.279616763765258 0.002724008691310875 0
Cone 0 0 0 -1 -1 -1 -1 0.2032 0.2032 0.3048 -6.959084142240396 8.692710759813231 0.00889220578670501 0
Cone 0 0 0 -1 -1 -1 -1 0.2032 0.2032 0.3048 -3.2240917811716714 4.0472221121933485 0.07698174360593159 0
Cone 0 0 0 -1 -1 -1 -1 0.2032 0.2032 0.3048 -7.827916380755616 16.047877004320068 -0.07385896997451782 0
Cone 0 0 0 -1 -1 -1 -1 0.2032 0.2032 0.3048 -3.8789561321263633 11.002364550605062 -0.06295426643689474 0
Cone 0 0 0 -1 -1 -1 -1 0.2032 0.2032 0.3048 -10.197044332483589 9.366153287796156 0.025579776630136695 0
Cone 0 0 0 -1 -1 -1 -1 0.2032 0.2032 0.3048 -5.152543827883911 12.615184889807942 -0.06112450417677562 0
Cone 0 0 0 -1 -1 -1 -1 0.2032 0.2032 0.3048 -2.725369760386658 9.51853514314017 -0.03677796210220883 0
Cone 0 0 0 -1 -1 -1 -1 0.2032 0.2032 0.3048 -0.2346519807900111 6.423106108680013 0.07321854475339253 0
Cone 0 0 0 -1 -1 -1 -1 0.2032 0.2032 0.3048 0.9921833790085263 4.802880930809156 0.0944595046493742 0
Cone 0 0 0 -1 -1 -1 -1 0.2032 0.2032 0.3048 -9.478753579648844 14.824905310645345 -0.04849187490145366 0
