Cone 0 0 0 -1 -1 -1 -1 0.2032 0.2032 0.3048 -13.129542125257364 11.38957992650533 0.13890981158316135 0
Cone 0 0 0 -1 -1 -1 -1 0.2032 0.2032 0.3048 -13.952944450569662 13.361154789303386 0.03661844425598779 0
Cone 0 0 0 -1 -1 -1 -1 0.2032 0.2032 0.3048 -1.951257844126372 2.1013733076616736 0.08186069952737199 0
Cone 0 0 0 -1 -1 -1 -1 0.2032 0.2032 0.3048 1.297647781180827 10.196136440836602 -0.09628988138635955 0
Cone 0 0 0 -1 -1 -1 -1 0.2032 0.2032 0.3048 1.1911286085918427 12.218149736101074 -0.16914751586119334 0
Cone 0 0 0 -1 -1 -1 -1 0.2032 0.2032 0.3048 0.11689585041377742 18.981904580766603 -0.3865459259033203 0
Cone 0 0 0 -1 -1 -1 -1 0.2032 0.2032 0.3048 -3.1734449197774253 16.94003986773356 -0.28615073816776276 0
Cone 0 0 0 -1 -1 -1 -1 0.2032 0.2032 0.3048 1.841899632818985 2.3018546686317953 0.08210257267653942 0
Cone 0 0 0 -1 -1 -1 -1 0.2032 0.2032 0.3048 -2.08248551228892 4.027053217266642 0.057394848994413994 0
Cone 0 0 0 -1 -1 -1 -1 0.2032 0.2032 0.3048 -2.7533410916651406 14.04555431462789 -0.1910218641837438 0
Cone 0 0 0 -1 -1 -1 -1 0.2032 0.2032 0.3048 -2.495117023169809 9.99660829227126 -0.09041690227663708 0
Cone 0 0 0 -1 -1 -1 -1 0.2032 0.2032 0.3048 1.5346276602649145 6.236258308379777 0.008859804063183914 0
Cone 0 0 0 -1 -1 -1 -1 0.2032 0.2032 0.3048 -9.065920047951254 17.742811118140462 -0.1755390063603719 0
Cone 0 0 0 -1 -1 -1 -1 0.2032 0.2032 0.3048 -2.619028076080548 11.987754447280455 -0.13586683517385414 0
Cone 0 0 0 -1 -1 -1 -1 0.2032 0.2032 0.3048 -3.8700110511572947 17.709465471812067 -0.26373537338574726 0
Cone 0 0 0 -1 -1 -1 -1 0.2032 0.2032 0.3048 11.32557454407959 9.282724931413574 0.008612737488746636 0
Cone 0 0 0 -1 -1 -1 -1 0.2032 0.2032 0.3048 -2.225754750760905 6.104000165635987 0.07070928358236948 0
Cone 0 0 0 -1 -1 -1 -1 0.2032 0.2032 0.3048 0.9148156712526957 16.241682285641275 -0.28792714036305744 0
Cone 0 0 0 -1 -1 -1 -1 0.2032 0.2032 0.3048 -2.366239255659294 8.07000983315174 -0.033722090757638226 0
Cone 0 0 0 -1 -1 -1 -1 0.2032 0.2032 0.3048 1.6832913448487603 4.286175702586414 0.05960612588326135 0
Cone 0 0 0 -1 -1 -1 -1 0.2032 0.2032 0.3048 1.4217414734997498 8.183494205664564 -0.050878795410337914 0
Cone 0 0 0 -1 -1 -1 -1 0.2032 0.2032 0.3048 -7.126357250404866 17.86964312650228 -0.25802330133120216 0
Cone 0 0 0 -1 -1 -1 -1 0.2032 0.2032 0.3048 1.0402222693040848 14.223857953721923 -0.24976287242571515 0
Cone 0 0 0 -1 -1 -1 -1 0.2032 0.2032 0.3048 -2.8867868512794495 15.981482222253723 -0.2764890368461609 0
Cone 0 0 0 -1 -1 -1 -1 0.2032 0.2032 0.3048 -5.016784045092773 18.072450711900636 -0.2715926364739736 0
