Cone 0 0 0 -1 -1 -1 -1 0.2032 0.2032 0.3048 -15.239297614818657 11.358180385074325 -0.008360312615500564 0
Cone 0 0 0 -1 -1 -1 -1 0.2032 0.2032 0.3048 -10.873254788907877 9.546770487799886 0.027846330171161216 0
Cone 0 0 0 -1 -1 -1 -1 0.2032 0.2032 0.3048 -13.010395539792887 10.452146445288898 -0.040690877356131874 0
Cone 0 0 0 -1 -1 -1 -1 0.2032 0.2032 0.3048 -13.617702073182508 14.214659500030653 -0.030473397408591382 0
Cone 0 0 0 -1 -1 -1 -1 0.2032 0.2032 0.3048 -11.496475490920258 13.496444895440979 -0.11883535006940366 0
Cone 0 0 0 -1 -1 -1 -1 0.2032 0.2032 0.3048 -1.7755179907993075 3.1625196766317605 0.11265875879010508 0
Cone 0 0 0 -1 -1 -1 -1 0.2032 0.2032 0.3048 -7.436248845185683 13.428297169911838 -0.1283543072488573 0
Cone 0 0 0 -1 -1 -1 -1 0.2032 0.2032 0.3048 -3.7024699340189615 10.737422953620197 -0.0785461878458659 0
Cone 0 0 0 -1 -1 -1 -1 0.2032 0.2032 0.3048 -4.951649138323974 10.955033328706664 -0.07168448151946068 0
Cone 0 0 0 -1 -1 -1 -1 0.2032 0.2032 0.3048 -2.5851933256426856 9.01038862552281 -0.07822334595748358 0
Cone 0 0 0 -1 -1 -1 -1 0.2032 0.2032 0.3048 -2.1446996261601767 14.212638611172283 -0.18889394856293995 0
Cone 0 0 0 -1 -1 -1 -1 0.2032 0.2032 0.3048 0.19915888980774882 12.203371217424316 -0.14558150725364688 0
Cone 0 0 0 -1 -1 -1 -1 0.2032 0.2032 0.3048 1.179873315723715 9.422233032818504 -0.06674768231012383 0
Cone 0 0 0 -1 -1 -1 -1 0.2032 0.2032 0.3048 1.6968751698806763 5.467659309083862 0.04054786158800124 0
Cone 0 0 0 -1 -1 -1 -1 0.2032 0.2032 0.3048 1.992244975110711 3.5728201666553585 0.15265521638376844 0
Cone 0 0 0 -1 -1 -1 -1 0.2032 0.2032 0.3048 -5.648757682567681 14.752681488369548 -0.17322241720358533 0
Cone 0 0 0 -1 -1 -1 -1 0.2032 0.2032 0.3048 -9.210187289111328 12.391160880103353 -0.08665978865623475 0
Cone 0 0 0 -1 -1 -1 -1 0.2032 0.2032 0.3048 -8.746502942170546 8.613634342526042 -0.01676998161739774 0
Cone 0 0 0 -1 -1 -1 -1 0.2032 0.2032 0.3048 11.447026765583214 13.535487505829515 -0.13272904619070205 0
Cone 0 0 0 -1 -1 -1 -1 0.2032 0.2032 0.3048 -2.007235110792033 4.960019026770832 -0.012317748435338343 0
Cone 0 0 0 -1 -1 -1 -1 0.2032 0.2032 0.3048 -6.892294890958295 9.484106206045618 -0.037510138640233455 0
