Cone 0 0 0 -1 -1 -1 -1 0.2032 0.2032 0.3048 -14.022857221953583 10.252219572240753 -0.037228293287754066 0
Cone 0 0 0 -1 -1 -1 -1 0.2032 0.2032 0.3048 -12.145653646751185 11.06250913398926 -0.08939101397650584 0
Cone 0 0 0 -1 -1 -1 -1 0.2032 0.2032 0.3048 -13.19525441824646 10.921381468151651 -0.09210927493174871 0
Cone 0 0 0 -1 -1 -1 -1 0.2032 0.2032 0.3048 -10.052871558062744 11.066023264899496 -0.1472267752567927 0
Cone 0 0 0 -1 -1 -1 -1 0.2032 0.2032 0.3048 -8.08340277373047 11.060871389085692 -0.2180477048635483 0
Cone 0 0 0 -1 -1 -1 -1 0.2032 0.2032 0.3048 -12.145912143580627 14.907376363450927 -0.28008864777088166 0
Cone 0 0 0 -1 -1 -1 -1 0.2032 0.2032 0.3048 -10.12165830631307 14.90112884300415 -0.32527025100390117 0
Cone 0 0 0 -1 -1 -1 -1 0.2032 0.2032 0.3048 -1.9664707549797154 3.0509310971827355 0.08521234546122258 0
Cone 0 0 0 -1 -1 -1 -1 0.2032 0.2032 0.3048 -8.138330885760498 14.910652806932372 -0.3330528433799744 0
Cone 0 0 0 -1 -1 -1 -1 0.2032 0.2032 0.3048 -6.195067895444743 11.118184799526773 -0.2124119123498599 0
Cone 0 0 0 -1 -1 -1 -1 0.2032 0.2032 0.3048 -4.028822911771647 11.102102989529216 -0.22131891009012858 0
Cone 0 0 0 -1 -1 -1 -1 0.2032 0.2032 0.3048 -1.9234093490499706 4.985799737679934 -0.027837286791536547 0
Cone 0 0 0 -1 -1 -1 -1 0.2032 0.2032 0.3048 -6.122756017240397 14.911516740495605 -0.33668568025165135 0
Cone 0 0 0 -1 -1 -1 -1 0.2032 0.2032 0.3048 -2.213128659121704 9.95053282834554 -0.22504466729164121 0
Cone 0 0 0 -1 -1 -1 -1 0.2032 0.2032 0.3048 -2.0345876317574274 8.997286109984275 -0.14755169010957084 0
Cone 0 0 0 -1 -1 -1 -1 0.2032 0.2032 0.3048 -4.127440306536865 14.958802933071697 -0.3732121085802714 0
Cone 0 0 0 -1 -1 -1 -1 0.2032 0.2032 0.3048 -1.9854851692840576 7.01118572014038 -0.09381736772060395 0
Cone 0 0 0 -1 -1 -1 -1 0.2032 0.2032 0.3048 -2.916828188292694 10.737680509263916 -0.24873861627578736 0
Cone 0 0 0 -1 -1 -1 -1 0.2032 0.2032 0.3048 -0.8720516294166565 13.940543725664062 -0.37393164591789246 0
Cone 0 0 0 -1 -1 -1 -1 0.2032 0.2032 0.3048 1.1132853736554464 11.716035233512164 -0.31448669291337333 0
Cone 0 0 0 -1 -1 -1 -1 0.2032 0.2032 0.3048 1.7585416992579777 8.956781135573628 -0.19379933061003687 0
Cone 0 0 0 -1 -1 -1 -1 0.2032 0.2032 0.3048 1.8201823105489094 4.974404011740925 -0.007985592878432507 0
Cone 0 0 0 -1 -1 -1 -1 0.2032 0.2032 0.3048 1.8739126611195231 3.0599158591591076 0.11506741516582007 0
