Cone 0 0 0 -1 -1 -1 -1 0.2032 0.2032 0.3048 -12.046994381142172 8.697441016211751 0.03448823385636011 0
Cone 0 0 0 -1 -1 -1 -1 0.2032 0.2032 0.3048 -12.988749834887695 8.54123909729187 0.0960335735797882 0
Cone 0 0 0 -1 -1 -1 -1 0.2032 0.2032 0.3048 -9.884257170550537 8.658984735185546 0.03255723459720611 0
Cone 0 0 0 -1 -1 -1 -1 0.2032 0.2032 0.3048 -14.787298890940857 11.96719010132019 0.027117939163744442 0
Cone 0 0 0 -1 -1 -1 -1 0.2032 0.2032 0.3048 -11.92681005042899 12.546065881425783 -0.05084547357559205 0
Cone 0 0 0 -1 -1 -1 -1 0.2032 0.2032 0.3048 -3.856162087191577 8.57340186142542 -0.06144643035332363 0
Cone 0 0 0 -1 -1 -1 -1 0.2032 0.2032 0.3048 -2.766199299685669 8.201162293130798 -0.04388918088674546 0
Cone 0 0 0 -1 -1 -1 -1 0.2032 0.2032 0.3048 -0.6763075292036056 11.394050910646362 -0.12042097704410555 0
Cone 0 0 0 -1 -1 -1 -1 0.2032 0.2032 0.3048 -7.948984953753662 8.630466773683471 -0.018189339336327152 0
Cone 0 0 0 -1 -1 -1 -1 0.2032 0.2032 0.3048 -1.911909851424408 4.497099553122761 0.07884197062783771 0
Cone 0 0 0 -1 -1 -1 -1 0.2032 0.2032 0.3048 1.8710366606313678 2.418605089190815 0.1345193979674862 0
Cone 0 0 0 -1 -1 -1 -1 0.2032 0.2032 0.3048 1.8719788163974762 4.413473123882852 0.10234526184151568 0
Cone 0 0 0 -1 -1 -1 -1 0.2032 0.2032 0.3048 1.2544072271886917 9.128458315137241 -0.05518196430603665 0
Cone 0 0 0 -1 -1 -1 -1 0.2032 0.2032 0.3048 -5.954804830742391 12.454859966610513 -0.06723954734007519 0
Cone 0 0 0 -1 -1 -1 -1 0.2032 0.2032 0.3048 -7.939154836528015 12.454904868776245 -0.06502105749448142 0
Cone 0 0 0 -1 -1 -1 -1 0.2032 0.2032 0.3048 -6.042691422494761 8.625068857843322 -0.030176354763905212 0
Cone 0 0 0 -1 -1 -1 -1 0.2032 0.2032 0.3048 -3.9368724895300735 12.438374729670583 -0.10512304546946571 0
Cone 0 0 0 -1 -1 -1 -1 0.2032 0.2032 0.3048 -1.920778969112027 2.5044643512825884 0.12962645203629658 0
Cone 0 0 0 -1 -1 -1 -1 0.2032 0.2032 0.3048 -1.9112769792402904 6.407926156694335 0.010649895103772474 0
Cone 0 0 0 -1 -1 -1 -1 0.2032 0.2032 0.3048 1.8712637990787506 6.388478353197021 0.053650387060642235 0
Cone 0 0 0 -1 -1 -1 -1 0.2032 0.2032 0.3048 -9.918748113505554 12.490848198110504 -0.054201202037930496 0
