Cone 0 0 0 -1 -1 -1 -1 0.2032 0.2032 0.3048 -7.771443111690394 5.896520172133687 0.09604733356038729 0
Cone 0 0 0 -1 -1 -1 -1 0.2032 0.2032 0.3048 -9.639066073291016 6.967875554735108 0.09267156117359797 0
Cone 0 0 0 -1 -1 -1 -1 0.2032 0.2032 0.3048 -10.599732491366577 7.336758687669677 0.06996358973979948 0
Cone 0 0 0 -1 -1 -1 -1 0.2032 0.2032 0.3048 -13.427483293406677 10.574518277818603 0.07664076840579509 0
Cone 0 0 0 -1 -1 -1 -1 0.2032 0.2032 0.3048 -6.112461460622661 4.921518558834634 0.07404542260567347 0
Cone 0 0 0 -1 -1 -1 -1 0.2032 0.2032 0.3048 -4.4373703926727295 3.9786305929965207 0.09231875581741332 0
Cone 0 0 0 -1 -1 -1 -1 0.2032 0.2032 0.3048 -10.409106108538818 11.187383407925212 0.04691065642436345 0
Cone 0 0 0 -1 -1 -1 -1 0.2032 0.2032 0.3048 -2.594959895496388 2.932211041410027 0.09639701913400335 0
Cone 0 0 0 -1 -1 -1 -1 0.2032 0.2032 0.3048 -1.7940511931901295 2.03624974024757 0.09453559368302422 0
Cone 0 0 0 -1 -1 -1 -1 0.2032 0.2032 0.3048 -7.591317441389805 10.213608153569675 0.019044343397352424 0
Cone 0 0 0 -1 -1 -1 -1 0.2032 0.2032 0.3048 -5.918865521410286 9.22585689482554 0.032258542476760015 0
Cone 0 0 0 -1 -1 -1 -1 0.2032 0.2032 0.3048 -4.174202128755712 8.212050337411032 0.05353521884559379 0
Cone 0 0 0 -1 -1 -1 -1 0.2032 0.2032 0.3048 -2.461908790461731 7.206258013421936 0.02689529998302459 0
Cone 0 0 0 -1 -1 -1 -1 0.2032 0.2032 0.3048 1.5792240591350648 3.7283347819564594 0.10821928459427184 0
