Cone 0 0 0 -1 -1 -1 -1 0.2032 0.2032 0.3048 -11.297104371579996 9.402524068529052 0.08575691077311832 0
Cone 0 0 0 -1 -1 -1 -1 0.2032 0.2032 0.3048 -9.31309567788493 9.764436001156412 0.07632891181310017 0
Cone 0 0 0 -1 -1 -1 -1 0.2032 0.2032 0.3048 -13.938298317782593 12.809192095771076 0.0694760237455368 0
Cone 0 0 0 -1 -1 -1 -1 0.2032 0.2032 0.3048 -11.978672994169107 13.185030534440918 0.026927496425310764 0
Cone 0 0 0 -1 -1 -1 -1 0.2032 0.2032 0.3048 -1.8632132055350756 2.504831757372058 0.15760406963978668 0
Cone 0 0 0 -1 -1 -1 -1 0.2032 0.2032 0.3048 -10.022289209557089 13.533608351722004 0.05437908364534377 0
Cone 0 0 0 -1 -1 -1 -1 0.2032 0.2032 0.3048 -7.378180643908691 10.098453920061035 0.05335825009346007 0
Cone 0 0 0 -1 -1 -1 -1 0.2032 0.2032 0.3048 -2.1954981535598757 4.401522980704548 0.0664299348314603 0
Cone 0 0 0 -1 -1 -1 -1 0.2032 0.2032 0.3048 -5.405574543553816 10.434917996330276 0.058745598654519934 0
Cone 0 0 0 -1 -1 -1 -1 0.2032 0.2032 0.3048 -8.045637938372803 13.888951375657959 0.057099489303429916 0
Cone 0 0 0 -1 -1 -1 -1 0.2032 0.2032 0.3048 -6.076925211144002 14.203456078543905 0.0789467454522848 0
Cone 0 0 0 -1 -1 -1 -1 0.2032 0.2032 0.3048 -3.2902926714960037 10.455604453910578 0.0659099830598542 0
Cone 0 0 0 -1 -1 -1 -1 0.2032 0.2032 0.3048 -2.165963834847853 14.884240224534912 0.04587344454261991 0
Cone 0 0 0 -1 -1 -1 -1 0.2032 0.2032 0.3048 -0.14981385915727613 15.1694365288562 0.05927589057087898 0
Cone 0 0 0 -1 -1 -1 -1 0.2032 0.2032 0.3048 1.8962720764609202 3.1722059769321764 0.14073997778892514 0
Cone 0 0 0 -1 -1 -1 -1 0.2032 0.2032 0.3048 1.501450458176422 5.061900761300963 0.07519336683750151 0
Cone 0 0 0 -1 -1 -1 -1 0.2032 0.2032 0.3048 1.2013962835147858 7.016862824136657 0.04350568397045135 0
Cone 0 0 0 -1 -1 -1 -1 0.2032 0.2032 0.3048 1.2816853195503235 18.60165364998047 -0.06840901033878327 0
Cone 0 0 0 -1 -1 -1 -1 0.2032 0.2032 0.3048 -2.8968878000900267 8.332209867809853 0.044697539937496186 0
Cone 0 0 0 -1 -1 -1 -1 0.2032 0.2032 0.3048 0.87686249051573 8.882218930364957 0.038705291531483325 0
Cone 0 0 0 -1 -1 -1 -1 0.2032 0.2032 0.3048 0.5447678020229374 10.881476502856918 0.05901726626555124 0
Cone 0 0 0 -1 -1 -1 -1 0.2032 0.2032 0.3048 -2.5550001293346405 6.392948284322662 0.04807765452265739 0
Cone 0 0 0 -1 -1 -1 -1 0.2032 0.2032 0.3048 -4.116333868429905 14.563287491177165 0.06308126409716075 0
