Cone 0 0 0 -1 -1 -1 -1 0.2032 0.2032 0.3048 -14.593808981768799 13.027829244310302 -0.2853129203796387 0
Cone 0 0 0 -1 -1 -1 -1 0.2032 0.2032 0.3048 -2.0497756579673183 2.4183653941116545 0.1148703991583811 0
Cone 0 0 0 -1 -1 -1 -1 0.2032 0.2032 0.3048 -2.0667098704237197 4.381529611919961 0.032777388657463914 0
Cone 0 0 0 -1 -1 -1 -1 0.2032 0.2032 0.3048 1.5742483407333374 18.355557992631837 -0.6704933539708456 0
Cone 0 0 0 -1 -1 -1 -1 0.2032 0.2032 0.3048 -2.2067778140232086 16.326831891710206 -0.5714505832076073 0
Cone 0 0 0 -1 -1 -1 -1 0.2032 0.2032 0.3048 1.735655402151235 4.418927656188252 0.07821812548438706 0
Cone 0 0 0 -1 -1 -1 -1 0.2032 0.2032 0.3048 -2.1564768430455423 8.318319654265178 -0.16314402331770683 0
Cone 0 0 0 -1 -1 -1 -1 0.2032 0.2032 0.3048 -2.1960370868370056 14.328487589532775 -0.45879730539321906 0
Cone 0 0 0 -1 -1 -1 -1 0.2032 0.2032 0.3048 -2.2439385980293274 18.393569543535158 -0.6671123202323914 0
Cone 0 0 0 -1 -1 -1 -1 0.2032 0.2032 0.3048 -2.0797473519966125 6.294722750360412 -0.06763837443590165 0
Cone 0 0 0 -1 -1 -1 -1 0.2032 0.2032 0.3048 -2.1793494254276276 12.390686480112846 -0.36602558649381 0
Cone 0 0 0 -1 -1 -1 -1 0.2032 0.2032 0.3048 1.628369785356013 12.332879776333415 -0.3621690119981766 0
Cone 0 0 0 -1 -1 -1 -1 0.2032 0.2032 0.3048 1.6418761120976555 8.338203775349788 -0.18068017684883544 0
Cone 0 0 0 -1 -1 -1 -1 0.2032 0.2032 0.3048 1.7534282070209999 2.4287606251759617 0.12994703626613038 0
Cone 0 0 0 -1 -1 -1 -1 0.2032 0.2032 0.3048 1.6079142958000183 16.315668895418092 -0.552543684411049 0
Cone 0 0 0 -1 -1 -1 -1 0.2032 0.2032 0.3048 1.6190371814775677 10.329315312612033 -0.2514405709849464 0
Cone 0 0 0 -1 -1 -1 -1 0.2032 0.2032 0.3048 -2.1651925225978217 10.39420226670766 -0.2572209507902463 0
Cone 0 0 0 -1 -1 -1 -1 0.2032 0.2032 0.3048 1.7070718973949432 6.353339269334716 -0.06087112383842469 0
Cone 0 0 0 -1 -1 -1 -1 0.2032 0.2032 0.3048 1.613258388645935 14.350375885342203 -0.48775247193177546 0
