Cone 0 0 0 -1 -1 -1 -1 0.2032 0.2032 0.3048 -7.752674147479248 7.058458783800048 0.19364734036922454 0
Cone 0 0 0 -1 -1 -1 -1 0.2032 0.2032 0.3048 1.7367724816078822 9.599135345791423 0.02607294848263263 0
Cone 0 0 0 -1 -1 -1 -1 0.2032 0.2032 0.3048 -8.233277770869446 15.713411762887878 0.04889030983746051 0
Cone 0 0 0 -1 -1 -1 -1 0.2032 0.2032 0.3048 -2.0314595033650718 7.625474368109945 0.09425643874406814 0
Cone 0 0 0 -1 -1 -1 -1 0.2032 0.2032 0.3048 1.8094539394055686 3.6845312283184555 0.12465985153979724 0
Cone 0 0 0 -1 -1 -1 -1 0.2032 0.2032 0.3048 -10.155286029825264 15.69529697469622 0.07118594370058604 0
Cone 0 0 0 -1 -1 -1 -1 0.2032 0.2032 0.3048 1.7529087036922455 7.634452774698181 0.06491684956550597 0
Cone 0 0 0 -1 -1 -1 -1 0.2032 0.2032 0.3048 -13.270311050606283 11.501924191489461 0.2681096559025347 0
Cone 0 0 0 -1 -1 -1 -1 0.2032 0.2032 0.3048 -1.9761643311732704 3.7289467939340644 0.18131050288108663 0
Cone 0 0 0 -1 -1 -1 -1 0.2032 0.2032 0.3048 -6.297304841868591 15.739595248872682 0.03172996496856212 0
Cone 0 0 0 -1 -1 -1 -1 0.2032 0.2032 0.3048 -0.9924013743723552 18.635892783179525 -0.1099367683808009 0
Cone 0 0 0 -1 -1 -1 -1 0.2032 0.2032 0.3048 -4.229843589656067 19.608174874956056 -0.02937732594013215 0
Cone 0 0 0 -1 -1 -1 -1 0.2032 0.2032 0.3048 -2.0448367338730584 9.60628477420445 0.048872890362285426 0
Cone 0 0 0 -1 -1 -1 -1 0.2032 0.2032 0.3048 -2.102633052063497 11.655029635867784 0.01583883209228515 0
Cone 0 0 0 -1 -1 -1 -1 0.2032 0.2032 0.3048 1.0239113075940025 16.4098044182605 -0.05647033244503869 0
Cone 0 0 0 -1 -1 -1 -1 0.2032 0.2032 0.3048 -4.148053738467407 15.777464702302856 0.0016312454462051335 0
Cone 0 0 0 -1 -1 -1 -1 0.2032 0.2032 0.3048 -12.271096655718994 15.68914563911621 0.18997613867819307 0
Cone 0 0 0 -1 -1 -1 -1 0.2032 0.2032 0.3048 -3.0266163974925995 15.395036533052368 -0.00015345545411110662 0
Cone 0 0 0 -1 -1 -1 -1 0.2032 0.2032 0.3048 1.6831971637387715 13.649711947879505 -0.04330701515447527 0
Cone 0 0 0 -1 -1 -1 -1 0.2032 0.2032 0.3048 1.7225954949930191 11.628831699067993 -0.0033563287362456395 0
Cone 0 0 0 -1 -1 -1 -1 0.2032 0.2032 0.3048 -2.00278835295887 5.686605140144271 0.1469415607497096 0
Cone 0 0 0 -1 -1 -1 -1 0.2032 0.2032 0.3048 1.7855486542060852 5.63941506005788 0.10541348761022087 0
Cone 0 0 0 -1 -1 -1 -1 0.2032 0.2032 0.3048 -2.1443938940689087 13.59485738533203 -0.0296807761669159 0
