Cone 0 0 0 -1 -1 -1 -1 0.2032 0.2032 0.3048 -11.205075276883951 8.164226288174236 0.15581017651359239 0
Cone 0 0 0 -1 -1 -1 -1 0.2032 0.2032 0.3048 -10.051732632510376 8.731160039280498 0.11285337351957957 0
Cone 0 0 0 -1 -1 -1 -1 0.2032 0.2032 0.3048 -11.053486201159668 12.472598944678548 0.06352842642068862 0
Cone 0 0 0 -1 -1 -1 -1 0.2032 0.2032 0.3048 -8.129749708366901 8.096202225063884 0.09960380438168842 0
Cone 0 0 0 -1 -1 -1 -1 0.2032 0.2032 0.3048 -6.582032070880974 6.61007032650177 0.06752291273607147 0
Cone 0 0 0 -1 -1 -1 -1 0.2032 0.2032 0.3048 -2.200788520250711 2.560695734344711 0.10134811105787017 0
Cone 0 0 0 -1 -1 -1 -1 0.2032 0.2032 0.3048 11.017921665815004 10.13819155551458 -0.0026890480635066902 0
Cone 0 0 0 -1 -1 -1 -1 0.2032 0.2032 0.3048 -3.7475714415237427 3.9887005036817422 0.13076869565447172 0
Cone 0 0 0 -1 -1 -1 -1 0.2032 0.2032 0.3048 -3.9929063147232053 9.395267446214598 0.009225576651096338 0
Cone 0 0 0 -1 -1 -1 -1 0.2032 0.2032 0.3048 2.059673584839524 2.3692113792644367 0.12759271737469566 0
Cone 0 0 0 -1 -1 -1 -1 0.2032 0.2032 0.3048 -2.54239141907213 8.059840395624084 0.05312044588923453 0
Cone 0 0 0 -1 -1 -1 -1 0.2032 0.2032 0.3048 -7.929213544718933 12.347476365739745 -0.030834114122390753 0
Cone 0 0 0 -1 -1 -1 -1 0.2032 0.2032 0.3048 -5.1743402610148115 5.309226428046467 0.07617603285312652 0
Cone 0 0 0 -1 -1 -1 -1 0.2032 0.2032 0.3048 -1.0889220366800945 6.681920920386555 0.059251269133885696 0
Cone 0 0 0 -1 -1 -1 -1 0.2032 0.2032 0.3048 -5.415816573676594 10.796764200274025 -0.003059247939174 0
Cone 0 0 0 -1 -1 -1 -1 0.2032 0.2032 0.3048 0.3860388354250954 5.296085295510078 0.07522225387380235 0
