Cone 0 0 0 -1 -1 -1 -1 0.2032 0.2032 0.3048 -13.99503264128418 13.692552375702041 -0.252803615796566 0
Cone 0 0 0 -1 -1 -1 -1 0.2032 0.2032 0.3048 1.7526504963710785 3.7888875748461905 0.04399385553134811 0
Cone 0 0 0 -1 -1 -1 -1 0.2032 0.2032 0.3048 1.6090438809071859 9.684436853105469 -0.2905498073180517 0
Cone 0 0 0 -1 -1 -1 -1 0.2032 0.2032 0.3048 -2.2671719421868644 19.6468162482725 -0.7935699319521587 0
Cone 0 0 0 -1 -1 -1 -1 0.2032 0.2032 0.3048 1.614504782697381 11.674892526111314 -0.38772779329088003 0
Cone 0 0 0 -1 -1 -1 -1 0.2032 0.2032 0.3048 1.6709500968530655 5.7032575156039425 -0.07626789392828942 0
Cone 0 0 0 -1 -1 -1 -1 0.2032 0.2032 0.3048 1.5285049349143982 19.64345224159424 -0.7939068968772889 0
Cone 0 0 0 -1 -1 -1 -1 0.2032 0.2032 0.3048 -2.091994149478785 5.6739157185699955 -0.07074184921185177 0
Cone 0 0 0 -1 -1 -1 -1 0.2032 0.2032 0.3048 -2.2439367800876617 17.70504744308655 -0.6897260840415955 0
Cone 0 0 0 -1 -1 -1 -1 0.2032 0.2032 0.3048 -2.2175334225023904 13.65856412507558 -0.49859422402381903 0
Cone 0 0 0 -1 -1 -1 -1 0.2032 0.2032 0.3048 -2.1774814059262595 11.722933532642696 -0.4128356569416594 0
Cone 0 0 0 -1 -1 -1 -1 0.2032 0.2032 0.3048 -2.1871968835517883 15.629793718034668 -0.5728165652036667 0
Cone 0 0 0 -1 -1 -1 -1 0.2032 0.2032 0.3048 1.5918283412928265 13.720685905788981 -0.5003498887697856 0
Cone 0 0 0 -1 -1 -1 -1 0.2032 0.2032 0.3048 -2.06178433596344 3.7571293822388565 0.012430563572474879 0
Cone 0 0 0 -1 -1 -1 -1 0.2032 0.2032 0.3048 -2.152373418701204 9.721326715324961 -0.28909604427847596 0
Cone 0 0 0 -1 -1 -1 -1 0.2032 0.2032 0.3048 1.552184489376831 17.70590932625 -0.684578954744339 0
Cone 0 0 0 -1 -1 -1 -1 0.2032 0.2032 0.3048 1.5953696439737957 15.685264184648437 -0.579292942651113 0
Cone 0 0 0 -1 -1 -1 -1 0.2032 0.2032 0.3048 -2.1310782164260864 7.677665069276733 -0.14458697991371156 0
