Cone 0 0 0 -1 -1 -1 -1 0.2032 0.2032 0.3048 -4.859506341807556 4.8549826886004634 0.047165111136436455 0
Cone 0 0 0 -1 -1 -1 -1 0.2032 0.2032 0.3048 1.8421824093450272 3.3230873561667242 0.14244784846178124 0
Cone 0 0 0 -1 -1 -1 -1 0.2032 0.2032 0.3048 -3.404721458414375 16.156360753285863 -0.3132962480862936 0
Cone 0 0 0 -1 -1 -1 -1 0.2032 0.2032 0.3048 -4.46439252263226 7.103121315963094 -0.05399888403491369 0
Cone 0 0 0 -1 -1 -1 -1 0.2032 0.2032 0.3048 -4.101912360382588 9.362293182387594 -0.09313957822124165 0
Cone 0 0 0 -1 -1 -1 -1 0.2032 0.2032 0.3048 -0.25448631792516707 13.216581663918282 -0.1997807289838791 0
Cone 0 0 0 -1 -1 -1 -1 0.2032 0.2032 0.3048 -4.181720269712321 18.069242710445963 -0.40301162954966235 0
Cone 0 0 0 -1 -1 -1 -1 0.2032 0.2032 0.3048 -1.2613447487279892 6.170549407178802 -0.017614580261707313 0
Cone 0 0 0 -1 -1 -1 -1 0.2032 0.2032 0.3048 0.13040225841848851 4.684914595956248 0.04913714664131402 0
Cone 0 0 0 -1 -1 -1 -1 0.2032 0.2032 0.3048 -5.056324971708171 13.357094361955566 -0.2776688581387202 0
Cone 0 0 0 -1 -1 -1 -1 0.2032 0.2032 0.3048 -6.954461809985351 14.716743257219237 -0.34509733276367194 0
Cone 0 0 0 -1 -1 -1 -1 0.2032 0.2032 0.3048 -0.609893866372617 10.8653779611733 -0.11327057636578879 0
Cone 0 0 0 -1 -1 -1 -1 0.2032 0.2032 0.3048 -0.77823429186395 8.580437758142395 -0.08523086822827658 0
Cone 0 0 0 -1 -1 -1 -1 0.2032 0.2032 0.3048 -3.769792937231572 11.763964210524799 -0.18848220091859502 0
