Cone 0 0 0 -1 -1 -1 -1 0.2032 0.2032 0.3048 -7.881208810202789 5.694725080902023 0.03649925017803907 0
Cone 0 0 0 -1 -1 -1 -1 0.2032 0.2032 0.3048 -9.790876600138855 9.586846087947132 -0.06883320883462828 0
Cone 0 0 0 -1 -1 -1 -1 0.2032 0.2032 0.3048 -5.962250547600302 5.655826266515231 0.005628221331702331 0
Cone 0 0 0 -1 -1 -1 -1 0.2032 0.2032 0.3048 -5.8124628692790985 9.474271013910217 -0.06374065907597544 0
Cone 0 0 0 -1 -1 -1 -1 0.2032 0.2032 0.3048 -3.8351598709747314 5.625341370279235 0.043940496128797524 0
Cone 0 0 0 -1 -1 -1 -1 0.2032 0.2032 0.3048 -2.0738730211978273 4.425505945657335 0.041164779223004974 0
Cone 0 0 0 -1 -1 -1 -1 0.2032 0.2032 0.3048 -2.695190442594401 5.189935996705932 -0.0016242807785670024 0
Cone 0 0 0 -1 -1 -1 -1 0.2032 0.2032 0.3048 -3.7836938550000507 9.421994497949523 -0.08160811868111294 0
Cone 0 0 0 -1 -1 -1 -1 0.2032 0.2032 0.3048 -1.8903793846493084 3.433314208760502 0.05507283498918016 0
Cone 0 0 0 -1 -1 -1 -1 0.2032 0.2032 0.3048 -7.783133668693416 9.53320723233088 -0.055142037141323104 0
Cone 0 0 0 -1 -1 -1 -1 0.2032 0.2032 0.3048 -0.576027913738941 8.318123083174584 -0.11151878223192127 0
Cone 0 0 0 -1 -1 -1 -1 0.2032 0.2032 0.3048 -11.790403220050049 9.67797922549113 -0.007219413487116505 0
Cone 0 0 0 -1 -1 -1 -1 0.2032 0.2032 0.3048 1.9194172557931688 3.325551244525091 0.11035387623094846 0
Cone 0 0 0 -1 -1 -1 -1 0.2032 0.2032 0.3048 1.3355090886428833 6.003516112342123 -0.03533825235366822 0
