Cone 0 0 0 -1 -1 -1 -1 0.2032 0.2032 0.3048 -15.28096931476644 12.479835531355251 -0.30610365626017255 0
Cone 0 0 0 -1 -1 -1 -1 0.2032 0.2032 0.3048 -13.37523934542389 13.123708977872772 -0.372250202614069 0
Cone 0 0 0 -1 -1 -1 -1 0.2032 0.2032 0.3048 -11.507300495762804 13.77377501584554 -0.46791259073681307 0
Cone 0 0 0 -1 -1 -1 -1 0.2032 0.2032 0.3048 -1.761255157349101 2.201406193760376 0.15343283229705199 0
Cone 0 0 0 -1 -1 -1 -1 0.2032 0.2032 0.3048 -7.771178099505615 15.08459241645996 -0.5868627722740174 0
Cone 0 0 0 -1 -1 -1 -1 0.2032 0.2032 0.3048 -5.217392656199646 13.718902900392457 -0.4783853586196899 0
Cone 0 0 0 -1 -1 -1 -1 0.2032 0.2032 0.3048 -4.4878172606155395 11.715553914084676 -0.39375646369457246 0
Cone 0 0 0 -1 -1 -1 -1 0.2032 0.2032 0.3048 -5.873113843791199 18.873636319810792 -0.8015321190834046 0
Cone 0 0 0 -1 -1 -1 -1 0.2032 0.2032 0.3048 -1.277488886025347 4.390449138201772 0.027632339089257368 0
Cone 0 0 0 -1 -1 -1 -1 0.2032 0.2032 0.3048 -2.9663775294944763 17.22148664253418 -0.6692755814075471 0
Cone 0 0 0 -1 -1 -1 -1 0.2032 0.2032 0.3048 -2.0355915496672314 8.39636003432139 -0.1977256301224232 0
Cone 0 0 0 -1 -1 -1 -1 0.2032 0.2032 0.3048 -0.9505799410524232 13.01792925341108 -0.42957839965479716 0
Cone 0 0 0 -1 -1 -1 -1 0.2032 0.2032 0.3048 -1.6118600547239303 14.962110712701723 -0.49400901006460185 0
Cone 0 0 0 -1 -1 -1 -1 0.2032 0.2032 0.3048 -0.27331565518430073 11.124024210944418 -0.28498834030628195 0
Cone 0 0 0 -1 -1 -1 -1 0.2032 0.2032 0.3048 1.5154744342753457 9.672593866362813 -0.21436475954964052 0
Cone 0 0 0 -1 -1 -1 -1 0.2032 0.2032 0.3048 2.700553036488581 8.039028120115045 -0.11352124708319705 0
Cone 0 0 0 -1 -1 -1 -1 0.2032 0.2032 0.3048 -6.662775251261902 15.104955508882446 -0.5636403854370118 0
Cone 0 0 0 -1 -1 -1 -1 0.2032 0.2032 0.3048 2.221761627006022 5.718394512508952 0.0022054318904876635 0
Cone 0 0 0 -1 -1 -1 -1 0.2032 0.2032 0.3048 -3.835153266780091 9.82325717069173 -0.29526986834208174 0
Cone 0 0 0 -1 -1 -1 -1 0.2032 0.2032 0.3048 1.9428985983207703 3.513358239241418 0.08402633925146524 0
