Cone 0 0 0 -1 -1 -1 -1 0.2032 0.2032 0.3048 -11.750192973010254 8.197634651834411 0.07144168062210082 0
Cone 0 0 0 -1 -1 -1 -1 0.2032 0.2032 0.3048 -9.724338921897125 8.091875120574874 0.07761484893113374 0
Cone 0 0 0 -1 -1 -1 -1 0.2032 0.2032 0.3048 -5.748971385087416 7.948603142540961 -0.0015302794522709384 0
Cone 0 0 0 -1 -1 -1 -1 0.2032 0.2032 0.3048 -2.706949356190872 3.6909175212926093 0.09480451872646807 0
Cone 0 0 0 -1 -1 -1 -1 0.2032 0.2032 0.3048 -2.1013141838729736 2.9510872549039746 0.10158258212390871 0
Cone 0 0 0 -1 -1 -1 -1 0.2032 0.2032 0.3048 -3.7373318577731767 7.912574752742691 -0.035843218558033324 0
Cone 0 0 0 -1 -1 -1 -1 0.2032 0.2032 0.3048 -3.7948516935035705 4.109765424901886 0.0927156363248825 0
Cone 0 0 0 -1 -1 -1 -1 0.2032 0.2032 0.3048 1.3569651542749315 4.493812220724211 0.0654041909779821 0
Cone 0 0 0 -1 -1 -1 -1 0.2032 0.2032 0.3048 5.174278464920807 18.50968702095215 -0.5635467986941338 0
Cone 0 0 0 -1 -1 -1 -1 0.2032 0.2032 0.3048 -0.5398712485954285 6.767220094377442 -0.06043618874549867 0
