Cone 0 0 0 -1 -1 -1 -1 0.2032 0.2032 0.3048 -9.985278460375977 7.016944720918579 0.1422555972456932 0
Cone 0 0 0 -1 -1 -1 -1 0.2032 0.2032 0.3048 -12.05639977156372 10.856893645301106 0.13699796292384464 0
Cone 0 0 0 -1 -1 -1 -1 0.2032 0.2032 0.3048 -8.05622948506724 6.999840949549916 0.106489650713404 0
Cone 0 0 0 -1 -1 -1 -1 0.2032 0.2032 0.3048 -8.052469130207752 10.819328722786691 0.10218670155661447 0
Cone 0 0 0 -1 -1 -1 -1 0.2032 0.2032 0.3048 -1.9789324015304564 2.9739402302705815 0.13915695395838648 0
Cone 0 0 0 -1 -1 -1 -1 0.2032 0.2032 0.3048 -6.0780920146402275 10.813570221552183 0.07497356378237406 0
Cone 0 0 0 -1 -1 -1 -1 0.2032 0.2032 0.3048 -3.9863183150614416 7.014345561042074 0.09293832242356406 0
Cone 0 0 0 -1 -1 -1 -1 0.2032 0.2032 0.3048 -4.054061295155625 10.840258888122936 0.0421634166402476 0
Cone 0 0 0 -1 -1 -1 -1 0.2032 0.2032 0.3048 -2.195538076750946 5.893343880350036 0.07369758417904376 0
Cone 0 0 0 -1 -1 -1 -1 0.2032 0.2032 0.3048 -1.9791676200024075 4.86076804976934 0.12607043888464806 0
Cone 0 0 0 -1 -1 -1 -1 0.2032 0.2032 0.3048 -0.7971637709198846 9.813084371793247 0.0053618507681069474 0
Cone 0 0 0 -1 -1 -1 -1 0.2032 0.2032 0.3048 1.1875919967964172 7.589711978609008 0.07666304750442504 0
Cone 0 0 0 -1 -1 -1 -1 0.2032 0.2032 0.3048 1.8136170774772644 4.827177294666213 0.13964839937239884 0
Cone 0 0 0 -1 -1 -1 -1 0.2032 0.2032 0.3048 1.8426512019576178 2.889861057772878 0.19478131116131936 0
