Cone 0 0 0 -1 -1 -1 -1 0.2032 0.2032 0.3048 -13.12178120314331 8.829124286348266 -0.11018893079757691 0
Cone 0 0 0 -1 -1 -1 -1 0.2032 0.2032 0.3048 -14.931896381569416 12.263555123979492 -0.2923547025203705 0
Cone 0 0 0 -1 -1 -1 -1 0.2032 0.2032 0.3048 -13.142521473757935 13.156687333757324 -0.33577693955898286 0
Cone 0 0 0 -1 -1 -1 -1 0.2032 0.2032 0.3048 -11.373133394114685 9.787620221152547 -0.21993420230150224 0
Cone 0 0 0 -1 -1 -1 -1 0.2032 0.2032 0.3048 -6.86204576458452 9.695966953610025 -0.18060673068099553 0
Cone 0 0 0 -1 -1 -1 -1 0.2032 0.2032 0.3048 -3.4473301400666556 11.394150081422003 -0.32694118285122376 0
Cone 0 0 0 -1 -1 -1 -1 0.2032 0.2032 0.3048 -1.5913368989949543 7.846829647396647 -0.1330950851917267 0
Cone 0 0 0 -1 -1 -1 -1 0.2032 0.2032 0.3048 -2.5003817948482694 9.596004639640094 -0.23459594322707922 0
Cone 0 0 0 -1 -1 -1 -1 0.2032 0.2032 0.3048 0.40460400482762654 6.648234759345296 -0.05248651858965556 0
Cone 0 0 0 -1 -1 -1 -1 0.2032 0.2032 0.3048 -5.862303822231802 7.811839908932292 -0.12872339295148852 0
Cone 0 0 0 -1 -1 -1 -1 0.2032 0.2032 0.3048 -5.102078697077942 13.46577189224426 -0.4444714005470276 0
Cone 0 0 0 -1 -1 -1 -1 0.2032 0.2032 0.3048 -1.5548302011283028 3.486299873631506 0.07356025545001028 0
Cone 0 0 0 -1 -1 -1 -1 0.2032 0.2032 0.3048 1.6666601237397936 2.8906293341596685 0.12848438662102926 0
Cone 0 0 0 -1 -1 -1 -1 0.2032 0.2032 0.3048 1.774273124344635 5.18008088526591 0.0011102740287780688 0
Cone 0 0 0 -1 -1 -1 -1 0.2032 0.2032 0.3048 -2.9559900492355347 4.902834131891174 -0.013564042317867286 0
