Cone 0 0 0 -1 -1 -1 -1 0.2032 0.2032 0.3048 -13.556722177060953 14.302051459326986 0.12193652471601962 0
Cone 0 0 0 -1 -1 -1 -1 0.2032 0.2032 0.3048 -12.940257689349366 12.378707006151123 0.09155788315534591 0
Cone 0 0 0 -1 -1 -1 -1 0.2032 0.2032 0.3048 -2.2160526245758057 6.654451563531799 0.04418429030179977 0
Cone 0 0 0 -1 -1 -1 -1 0.2032 0.2032 0.3048 1.5475899100378037 6.62177081363861 -0.03503780489712954 0
Cone 0 0 0 -1 -1 -1 -1 0.2032 0.2032 0.3048 -2.0880448342714404 2.600798910007945 0.12518401802636325 0
Cone 0 0 0 -1 -1 -1 -1 0.2032 0.2032 0.3048 -2.2756863660681224 8.597012658633291 -0.027811053675696973 0
Cone 0 0 0 -1 -1 -1 -1 0.2032 0.2032 0.3048 -2.3078619847620647 10.545434453660889 -0.05666362500985465 0
Cone 0 0 0 -1 -1 -1 -1 0.2032 0.2032 0.3048 -3.394487383954239 18.327105119401857 -0.2539490904092789 0
Cone 0 0 0 -1 -1 -1 -1 0.2032 0.2032 0.3048 1.3811561584547043 14.649205758745119 -0.22711870031356812 0
Cone 0 0 0 -1 -1 -1 -1 0.2032 0.2032 0.3048 -2.3644749717505564 12.580920664377986 -0.10492714092819781 0
Cone 0 0 0 -1 -1 -1 -1 0.2032 0.2032 0.3048 -2.161598205227831 4.584922136109381 0.10957564042541716 0
Cone 0 0 0 -1 -1 -1 -1 0.2032 0.2032 0.3048 -2.4379984269465127 14.624484719079046 -0.1764160307592816 0
Cone 0 0 0 -1 -1 -1 -1 0.2032 0.2032 0.3048 1.33269306720047 16.61968651868368 -0.26795113540490473 0
Cone 0 0 0 -1 -1 -1 -1 0.2032 0.2032 0.3048 1.6235178728972752 4.646684829964879 0.017052272142966583 0
Cone 0 0 0 -1 -1 -1 -1 0.2032 0.2032 0.3048 -2.7348809768681845 17.488856548641763 -0.21614566899140675 0
Cone 0 0 0 -1 -1 -1 -1 0.2032 0.2032 0.3048 1.5160123677909967 8.6024301487807 -0.055758468510636275 0
Cone 0 0 0 -1 -1 -1 -1 0.2032 0.2032 0.3048 1.4553724517499287 12.620335017218832 -0.1653580005645752 0
Cone 0 0 0 -1 -1 -1 -1 0.2032 0.2032 0.3048 1.7136839711630116 2.707772146901796 0.09674542509162865 0
Cone 0 0 0 -1 -1 -1 -1 0.2032 0.2032 0.3048 1.480466677421485 10.604130222970886 -0.09733125027815502 0
Cone 0 0 0 -1 -1 -1 -1 0.2032 0.2032 0.3048 -2.5009766548797607 16.561064078981325 -0.22546516315937043 0
Cone 0 0 0 -1 -1 -1 -1 0.2032 0.2032 0.3048 0.6383292645290375 19.38675458687012 -0.3073152895450592 0
Cone 0 0 0 -1 -1 -1 -1 0.2032 0.2032 0.3048 -6.673438561948649 18.635428979570314 -0.20159660733540852 0
