Cone 0 0 0 -1 -1 -1 -1 0.2032 0.2032 0.3048 -14.042034241549683 9.10702426689331 0.02572691483497619 0
Cone 0 0 0 -1 -1 -1 -1 0.2032 0.2032 0.3048 -13.610566565386963 10.289805295640868 -0.0804727341413498 0
Cone 0 0 0 -1 -1 -1 -1 0.2032 0.2032 0.3048 -11.763914995384724 11.070046618158266 -0.14561295093894006 0
Cone 0 0 0 -1 -1 -1 -1 0.2032 0.2032 0.3048 -9.614345245552572 10.951776181235555 -0.17029397643407185 0
Cone 0 0 0 -1 -1 -1 -1 0.2032 0.2032 0.3048 -1.9227780717536926 2.5208251384358316 0.07214063110968894 0
Cone 0 0 0 -1 -1 -1 -1 0.2032 0.2032 0.3048 -9.508957239978027 14.766518666917724 -0.2807611520767212 0
Cone 0 0 0 -1 -1 -1 -1 0.2032 0.2032 0.3048 -7.671882205200704 10.854563416283636 -0.21737298740413458 0
Cone 0 0 0 -1 -1 -1 -1 0.2032 0.2032 0.3048 -7.513702425353241 14.684513484015705 -0.3371402120272319 0
Cone 0 0 0 -1 -1 -1 -1 0.2032 0.2032 0.3048 -3.593906351916504 10.644467952424925 -0.25177471892833714 0
Cone 0 0 0 -1 -1 -1 -1 0.2032 0.2032 0.3048 -5.51510780353597 14.56621312556132 -0.3431127712806066 0
Cone 0 0 0 -1 -1 -1 -1 0.2032 0.2032 0.3048 -1.8186579674407959 4.471739470536155 -0.03675314679046472 0
Cone 0 0 0 -1 -1 -1 -1 0.2032 0.2032 0.3048 -2.5024121996354847 10.234974405409206 -0.2380246333625582 0
Cone 0 0 0 -1 -1 -1 -1 0.2032 0.2032 0.3048 -1.7160802258311165 8.414627744000464 -0.162278299183978 0
Cone 0 0 0 -1 -1 -1 -1 0.2032 0.2032 0.3048 -1.8735979676172256 9.392968390956167 -0.18076710856755573 0
Cone 0 0 0 -1 -1 -1 -1 0.2032 0.2032 0.3048 -0.29253480135650634 13.346874787980957 -0.3691625292778016 0
Cone 0 0 0 -1 -1 -1 -1 0.2032 0.2032 0.3048 1.5743283003643036 11.023887469942016 -0.27284270482063294 0
Cone 0 0 0 -1 -1 -1 -1 0.2032 0.2032 0.3048 2.080066420890379 8.2250088051703 -0.16160112917969627 0
Cone 0 0 0 -1 -1 -1 -1 0.2032 0.2032 0.3048 1.941403574752299 4.292846793507181 0.03297693821986515 0
Cone 0 0 0 -1 -1 -1 -1 0.2032 0.2032 0.3048 -3.4962212771102905 14.518548324281616 -0.3551382716178894 0
Cone 0 0 0 -1 -1 -1 -1 0.2032 0.2032 0.3048 1.877229654997457 2.3346850188983574 0.1409787667757107 0
Cone 0 0 0 -1 -1 -1 -1 0.2032 0.2032 0.3048 -12.75242576300354 10.93921215789978 -0.06403730766773225 0
Cone 0 0 0 -1 -1 -1 -1 0.2032 0.2032 0.3048 -11.493336955367704 14.882543055125053 -0.2753394357707766 0
Cone 0 0 0 -1 -1 -1 -1 0.2032 0.2032 0.3048 -5.754382328043039 10.768860346082064 -0.24370167042187285 0
