Cone 0 0 0 -1 -1 -1 -1 0.2032 0.2032 0.3048 -7.743519112460327 5.604436471635742 0.2083726566851139 0
Cone 0 0 0 -1 -1 -1 -1 0.2032 0.2032 0.3048 -9.710118386141968 6.829404070550842 0.26338212141841655 0
Cone 0 0 0 -1 -1 -1 -1 0.2032 0.2032 0.3048 -11.762060648791504 11.82371751564209 0.23077406270503995 0
Cone 0 0 0 -1 -1 -1 -1 0.2032 0.2032 0.3048 -9.772258374087524 10.824878051454467 0.16503777397871017 0
Cone 0 0 0 -1 -1 -1 -1 0.2032 0.2032 0.3048 -13.844722633553062 13.079361258521322 0.2122483566969633 0
Cone 0 0 0 -1 -1 -1 -1 0.2032 0.2032 0.3048 -5.777661074193827 6.201366045648498 0.1300576191961765 0
Cone 0 0 0 -1 -1 -1 -1 0.2032 0.2032 0.3048 -7.687073203913879 9.416225030595703 0.13310614674737056 0
Cone 0 0 0 -1 -1 -1 -1 0.2032 0.2032 0.3048 -5.788224491469574 10.180772140199585 0.09310248350799083 0
Cone 0 0 0 -1 -1 -1 -1 0.2032 0.2032 0.3048 -3.645456810375797 7.389893433847202 0.07381188494574789 0
Cone 0 0 0 -1 -1 -1 -1 0.2032 0.2032 0.3048 -1.6202385800696835 3.073728555400429 0.12864391491082616 0
Cone 0 0 0 -1 -1 -1 -1 0.2032 0.2032 0.3048 -3.819018821907552 11.196137883836668 0.026392906836668648 0
Cone 0 0 0 -1 -1 -1 -1 0.2032 0.2032 0.3048 -2.4428384035751343 6.990852430040283 0.07518997831344604 0
Cone 0 0 0 -1 -1 -1 -1 0.2032 0.2032 0.3048 -1.5728468541513716 5.120348084827618 0.06536141613040651 0
Cone 0 0 0 -1 -1 -1 -1 0.2032 0.2032 0.3048 -1.774062725894165 6.168081834489746 0.07424322707653044 0
Cone 0 0 0 -1 -1 -1 -1 0.2032 0.2032 0.3048 -0.45812682359666823 10.216935756380005 -0.05700093166828157 0
Cone 0 0 0 -1 -1 -1 -1 0.2032 0.2032 0.3048 2.202980383792031 3.092121657347142 0.11726985950186138 0
Cone 0 0 0 -1 -1 -1 -1 0.2032 0.2032 0.3048 12.896632340557861 13.38516171234314 -0.3643229003429413 0
Cone 0 0 0 -1 -1 -1 -1 0.2032 0.2032 0.3048 2.204611911052619 5.045717194253844 0.0696771198829015 0
Cone 0 0 0 -1 -1 -1 -1 0.2032 0.2032 0.3048 12.924057629711914 7.329340174371643 -0.12030468093156815 0
Cone 0 0 0 -1 -1 -1 -1 0.2032 0.2032 0.3048 1.6113880246952057 7.905752017671508 0.008777857255935662 0
