Cone 0 0 0 -1 -1 -1 -1 0.2032 0.2032 0.3048 -15.490249249331665 10.319408967668457 0.31119993558228015 0
Cone 0 0 0 -1 -1 -1 -1 0.2032 0.2032 0.3048 -10.655352923266602 10.50827192721232 0.18462380421732863 0
Cone 0 0 0 -1 -1 -1 -1 0.2032 0.2032 0.3048 -2.941937168100653 3.20488084280621 0.11990895018262993 0
Cone 0 0 0 -1 -1 -1 -1 0.2032 0.2032 0.3048 -7.037887617938233 8.992333486253662 0.09332613689899444 0
Cone 0 0 0 -1 -1 -1 -1 0.2032 0.2032 0.3048 -8.744636449210358 9.716390862638397 0.08611950321197509 0
Cone 0 0 0 -1 -1 -1 -1 0.2032 0.2032 0.3048 -2.1139498259107943 2.5000156869680557 0.11987425485700365 0
Cone 0 0 0 -1 -1 -1 -1 0.2032 0.2032 0.3048 -5.193668335036584 8.217317886453783 0.057861739991770834 0
Cone 0 0 0 -1 -1 -1 -1 0.2032 0.2032 0.3048 -3.3652770177165077 7.497051742818029 0.06052259652373335 0
Cone 0 0 0 -1 -1 -1 -1 0.2032 0.2032 0.3048 -1.4784028261825561 6.730405245795491 0.04401212973594665 0
Cone 0 0 0 -1 -1 -1 -1 0.2032 0.2032 0.3048 0.9673469613070169 4.692842394684396 0.11119022598564623 0
