Cone 0 0 0 -1 -1 -1 -1 0.2032 0.2032 0.3048 -12.566594666566298 10.550424914798446 -0.01625683529641894 0
Cone 0 0 0 -1 -1 -1 -1 0.2032 0.2032 0.3048 -10.488665222783068 9.550939210164524 0.012628666657871665 0
Cone 0 0 0 -1 -1 -1 -1 0.2032 0.2032 0.3048 -14.746592296155802 11.55742144045695 -0.018929346966743477 0
Cone 0 0 0 -1 -1 -1 -1 0.2032 0.2032 0.3048 -13.018855807177735 14.335002877885742 -0.0406171079158783 0
Cone 0 0 0 -1 -1 -1 -1 0.2032 0.2032 0.3048 -8.391542765490723 8.523499149654947 0.007869760624567661 0
Cone 0 0 0 -1 -1 -1 -1 0.2032 0.2032 0.3048 -10.873708896828207 13.504146411592407 -0.07880227969884873 0
Cone 0 0 0 -1 -1 -1 -1 0.2032 0.2032 0.3048 -8.735239677620443 12.354214583411459 -0.11755948884752064 0
Cone 0 0 0 -1 -1 -1 -1 0.2032 0.2032 0.3048 -6.497296195221455 9.311429670030517 -0.08199593977928164 0
Cone 0 0 0 -1 -1 -1 -1 0.2032 0.2032 0.3048 -1.6774076566025737 2.758879000564513 0.05877053935211715 0
Cone 0 0 0 -1 -1 -1 -1 0.2032 0.2032 0.3048 -6.898269924514008 13.265561535531921 -0.12803163336515427 0
Cone 0 0 0 -1 -1 -1 -1 0.2032 0.2032 0.3048 -5.044169279925537 14.543824985200805 -0.1497291620254517 0
Cone 0 0 0 -1 -1 -1 -1 0.2032 0.2032 0.3048 -4.506773230426026 10.692599313432616 -0.09085584478378297 0
Cone 0 0 0 -1 -1 -1 -1 0.2032 0.2032 0.3048 -2.2351828477137974 8.657795301678988 -0.06524293711866652 0
Cone 0 0 0 -1 -1 -1 -1 0.2032 0.2032 0.3048 -3.258837793925582 10.39137613896659 -0.07314471340146332 0
Cone 0 0 0 -1 -1 -1 -1 0.2032 0.2032 0.3048 -1.861931364727529 4.612912641539815 0.020193052721023553 0
Cone 0 0 0 -1 -1 -1 -1 0.2032 0.2032 0.3048 -1.566680682691447 13.847872967098796 -0.1963854179461797 0
Cone 0 0 0 -1 -1 -1 -1 0.2032 0.2032 0.3048 0.6960199706330776 11.719613387758178 -0.1500747274041176 0
Cone 0 0 0 -1 -1 -1 -1 0.2032 0.2032 0.3048 12.031105081578911 12.26932571896489 -0.16052906337844006 0
Cone 0 0 0 -1 -1 -1 -1 0.2032 0.2032 0.3048 11.704656550646254 15.617620766616852 -0.29566768294783197 0
Cone 0 0 0 -1 -1 -1 -1 0.2032 0.2032 0.3048 -2.0305381347661338 6.48888166206543 -0.07714758273760479 0
Cone 0 0 0 -1 -1 -1 -1 0.2032 0.2032 0.3048 1.8957383379414559 4.949140965516014 0.061682652179896824 0
Cone 0 0 0 -1 -1 -1 -1 0.2032 0.2032 0.3048 2.123750281937409 3.030505896980209 0.1390475510627031 0
Cone 0 0 0 -1 -1 -1 -1 0.2032 0.2032 0.3048 1.5387749224975587 8.906376796809207 -0.06808349000215531 0
