Cone 0 0 0 -1 -1 -1 -1 0.2032 0.2032 0.3048 -11.974767538897705 10.323122575456543 -0.07039897100925446 0
Cone 0 0 0 -1 -1 -1 -1 0.2032 0.2032 0.3048 -8.890782930777316 7.622513169621072 0.015088929002814814 0
Cone 0 0 0 -1 -1 -1 -1 0.2032 0.2032 0.3048 -12.28962804177653 13.612465773597005 -0.17647084550857542 0
Cone 0 0 0 -1 -1 -1 -1 0.2032 0.2032 0.3048 -9.989029690615844 9.758361175233764 -0.06123682515621187 0
Cone 0 0 0 -1 -1 -1 -1 0.2032 0.2032 0.3048 -2.470183842373403 2.8194234833862812 0.14847898352344827 0
Cone 0 0 0 -1 -1 -1 -1 0.2032 0.2032 0.3048 -9.94459466105618 13.593432977373046 -0.16750498735374877 0
Cone 0 0 0 -1 -1 -1 -1 0.2032 0.2032 0.3048 -4.753351823557849 6.638978219144647 0.024038987663388234 0
Cone 0 0 0 -1 -1 -1 -1 0.2032 0.2032 0.3048 -6.883976075045776 10.848123672182005 -0.06441697658896448 0
Cone 0 0 0 -1 -1 -1 -1 0.2032 0.2032 0.3048 -7.974235031001282 13.027621104890747 -0.125538587141037 0
Cone 0 0 0 -1 -1 -1 -1 0.2032 0.2032 0.3048 -5.746717520611929 8.911905416965581 0.009178475434245994 0
Cone 0 0 0 -1 -1 -1 -1 0.2032 0.2032 0.3048 1.8091804581954953 3.4376845814532464 0.1297871032675107 0
Cone 0 0 0 -1 -1 -1 -1 0.2032 0.2032 0.3048 -0.5054904782035403 6.043876827996282 0.06810774531496895 0
Cone 0 0 0 -1 -1 -1 -1 0.2032 0.2032 0.3048 -14.29010591208191 10.330071046525878 -0.07937361257076264 0
Cone 0 0 0 -1 -1 -1 -1 0.2032 0.2032 0.3048 -2.7206514805480957 6.229965582067413 0.046427144166827194 0
