Cone 0 0 0 -1 -1 -1 -1 0.2032 0.2032 0.3048 -12.180739915221585 9.20943941985177 -0.1739787313166119 0
Cone 0 0 0 -1 -1 -1 -1 0.2032 0.2032 0.3048 -6.144325637327431 5.4837935518682706 0.02604616829667772 0
Cone 0 0 0 -1 -1 -1 -1 0.2032 0.2032 0.3048 -10.188411407661947 9.259995693539226 -0.10436489141782125 0
Cone 0 0 0 -1 -1 -1 -1 0.2032 0.2032 0.3048 -4.125858717155965 5.495140467658285 0.034678223661581666 0
Cone 0 0 0 -1 -1 -1 -1 0.2032 0.2032 0.3048 -6.1853310449181444 9.29568728861674 -0.10263247579468622 0
Cone 0 0 0 -1 -1 -1 -1 0.2032 0.2032 0.3048 -2.0222716000743683 3.0775592199425614 0.12600286294647625 0
Cone 0 0 0 -1 -1 -1 -1 0.2032 0.2032 0.3048 -2.1451245993301393 5.489621570283813 0.04583740575313568 0
Cone 0 0 0 -1 -1 -1 -1 0.2032 0.2032 0.3048 -1.9771522611305237 5.016316890293997 0.058469767180085175 0
Cone 0 0 0 -1 -1 -1 -1 0.2032 0.2032 0.3048 -4.795557750257364 12.399945155532274 -0.1765554841041565 0
Cone 0 0 0 -1 -1 -1 -1 0.2032 0.2032 0.3048 -2.2102322310134888 9.368560229316 -0.05019937619699373 0
Cone 0 0 0 -1 -1 -1 -1 0.2032 0.2032 0.3048 1.8075718724139744 9.323789455181116 -0.01373621469427039 0
Cone 0 0 0 -1 -1 -1 -1 0.2032 0.2032 0.3048 1.7677351027801513 4.955937280828399 0.07406394077539444 0
Cone 0 0 0 -1 -1 -1 -1 0.2032 0.2032 0.3048 1.829872561501948 2.982679127727591 0.1422245498071114 0
Cone 0 0 0 -1 -1 -1 -1 0.2032 0.2032 0.3048 -0.23736577927322383 9.371864663138632 -0.01385875053008398 0
