Cone 0 0 0 -1 -1 -1 -1 0.2032 0.2032 0.3048 -13.867765015687391 10.377000511925727 0.30302581451286875 0
Cone 0 0 0 -1 -1 -1 -1 0.2032 0.2032 0.3048 -7.78069010390378 6.8080627183151385 0.18245743408784976 0
Cone 0 0 0 -1 -1 -1 -1 0.2032 0.2032 0.3048 -9.759323371442667 8.031118546500448 0.18173687205517455 0
Cone 0 0 0 -1 -1 -1 -1 0.2032 0.2032 0.3048 -11.767350527636719 9.210066789959514 0.239263713711376 0
Cone 0 0 0 -1 -1 -1 -1 0.2032 0.2032 0.3048 -13.928494068972778 14.219966724092407 0.22503401556592434 0
Cone 0 0 0 -1 -1 -1 -1 0.2032 0.2032 0.3048 -11.902057597033691 13.01535534319743 0.19105311277707418 0
Cone 0 0 0 -1 -1 -1 -1 0.2032 0.2032 0.3048 -9.835965368144226 11.994996383363647 0.14109419515430927 0
Cone 0 0 0 -1 -1 -1 -1 0.2032 0.2032 0.3048 -5.826210077265083 7.423054038062338 0.10816870407793255 0
Cone 0 0 0 -1 -1 -1 -1 0.2032 0.2032 0.3048 -1.601741960713343 2.401898966022791 0.13703925132974953 0
Cone 0 0 0 -1 -1 -1 -1 0.2032 0.2032 0.3048 -5.870740148417664 11.395966047619426 0.04596890055338541 0
Cone 0 0 0 -1 -1 -1 -1 0.2032 0.2032 0.3048 -1.6252950249924272 4.29798745128532 0.07184043555767444 0
Cone 0 0 0 -1 -1 -1 -1 0.2032 0.2032 0.3048 -3.7027876923407232 8.608036087527516 0.04086691531737645 0
Cone 0 0 0 -1 -1 -1 -1 0.2032 0.2032 0.3048 -3.9212226088483537 12.468705183270787 0.0021579759495598855 0
Cone 0 0 0 -1 -1 -1 -1 0.2032 0.2032 0.3048 -1.828384312979889 7.403081252748413 0.0279612135708332 0
Cone 0 0 0 -1 -1 -1 -1 0.2032 0.2032 0.3048 -2.510301409025634 8.2210156413515 0.03166527188377224 0
Cone 0 0 0 -1 -1 -1 -1 0.2032 0.2032 0.3048 -1.6334478884860992 6.430363729173584 0.06329315571188926 0
Cone 0 0 0 -1 -1 -1 -1 0.2032 0.2032 0.3048 -7.795990758133444 10.649560167962951 0.1108441599279642 0
Cone 0 0 0 -1 -1 -1 -1 0.2032 0.2032 0.3048 2.1409548598602295 4.394312308008117 0.1220682544827461 0
Cone 0 0 0 -1 -1 -1 -1 0.2032 0.2032 0.3048 1.526893382158156 9.167673962915883 -0.042835501505991434 0
Cone 0 0 0 -1 -1 -1 -1 0.2032 0.2032 0.3048 -0.5409816036547342 11.501217884396159 -0.05014565742810568 0
Cone 0 0 0 -1 -1 -1 -1 0.2032 0.2032 0.3048 12.730147597201157 14.155329629356306 -0.29024388225674624 0
Cone 0 0 0 -1 -1 -1 -1 0.2032 0.2032 0.3048 2.192448777548376 2.412997258202951 0.13493905277110282 0
Cone 0 0 0 -1 -1 -1 -1 0.2032 0.2032 0.3048 2.1460554073328657 6.388129069978637 0.07793007833957671 0
