Cone 0 0 0 -1 -1 -1 -1 0.2032 0.2032 0.3048 -12.961978607368978 8.818581496253255 0.032061557404200226 0
Cone 0 0 0 -1 -1 -1 -1 0.2032 0.2032 0.3048 -13.684885196877033 12.158767456387125 -0.09740517493883769 0
Cone 0 0 0 -1 -1 -1 -1 0.2032 0.2032 0.3048 -14.135156099419875 10.964379293865036 -0.0991020907924289 0
Cone 0 0 0 -1 -1 -1 -1 0.2032 0.2032 0.3048 -11.84628049687936 12.968652458705009 -0.19547886039188933 0
Cone 0 0 0 -1 -1 -1 -1 0.2032 0.2032 0.3048 -12.854942758539496 12.825275018388671 -0.16691897683805892 0
Cone 0 0 0 -1 -1 -1 -1 0.2032 0.2032 0.3048 -9.699919077746582 12.895281269723815 -0.24210374759435654 0
Cone 0 0 0 -1 -1 -1 -1 0.2032 0.2032 0.3048 -9.666727682940675 16.721294286424563 -0.36845568971633913 0
Cone 0 0 0 -1 -1 -1 -1 0.2032 0.2032 0.3048 -7.753097388140869 12.806682660753173 -0.28648956077098847 0
Cone 0 0 0 -1 -1 -1 -1 0.2032 0.2032 0.3048 -7.659667610783555 16.655561680172525 -0.40344208767149187 0
Cone 0 0 0 -1 -1 -1 -1 0.2032 0.2032 0.3048 -5.687449468168132 16.655294969255372 -0.4188195860068003 0
Cone 0 0 0 -1 -1 -1 -1 0.2032 0.2032 0.3048 -1.8612670332118988 4.568284784331563 0.03349850369691848 0
Cone 0 0 0 -1 -1 -1 -1 0.2032 0.2032 0.3048 -2.593744290861003 12.347185050025228 -0.34141392466227216 0
Cone 0 0 0 -1 -1 -1 -1 0.2032 0.2032 0.3048 -1.7835615175888062 8.570032365495607 -0.16075555460453034 0
Cone 0 0 0 -1 -1 -1 -1 0.2032 0.2032 0.3048 -1.763141778104019 10.506850364381712 -0.2419465120315552 0
Cone 0 0 0 -1 -1 -1 -1 0.2032 0.2032 0.3048 2.0126749103342374 8.419607323978983 -0.14833626393775146 0
Cone 0 0 0 -1 -1 -1 -1 0.2032 0.2032 0.3048 2.048901101291995 10.388458220072563 -0.24289945221741996 0
Cone 0 0 0 -1 -1 -1 -1 0.2032 0.2032 0.3048 1.9273798081211273 4.431248074773166 0.042515602569353 0
Cone 0 0 0 -1 -1 -1 -1 0.2032 0.2032 0.3048 1.8924300127160572 2.4768764643879466 0.10626467093405671 0
Cone 0 0 0 -1 -1 -1 -1 0.2032 0.2032 0.3048 -1.925435387087377 2.681719243340431 0.12880800819690263 0
Cone 0 0 0 -1 -1 -1 -1 0.2032 0.2032 0.3048 -0.43626310228557585 15.489294126207275 -0.4643341596603394 0
