Cone 0 0 0 -1 -1 -1 -1 0.2032 0.2032 0.3048 -12.065773436419677 9.311479547197266 -0.0733574952363968 0
Cone 0 0 0 -1 -1 -1 -1 0.2032 0.2032 0.3048 -10.129915031783295 9.87230278509323 -0.0065003200799226835 0
Cone 0 0 0 -1 -1 -1 -1 0.2032 0.2032 0.3048 -15.039555006218466 12.48869029141927 -0.09509085324207943 0
Cone 0 0 0 -1 -1 -1 -1 0.2032 0.2032 0.3048 -13.114937858772784 13.035593011552734 -0.07233036713600159 0
Cone 0 0 0 -1 -1 -1 -1 0.2032 0.2032 0.3048 -6.293515450350952 10.907100598985593 -0.008647602367401131 0
Cone 0 0 0 -1 -1 -1 -1 0.2032 0.2032 0.3048 -9.263029826673382 14.119666253104452 -0.000760015912850704 0
Cone 0 0 0 -1 -1 -1 -1 0.2032 0.2032 0.3048 -2.052480260192532 3.345302451890021 0.08529833962387506 0
Cone 0 0 0 -1 -1 -1 -1 0.2032 0.2032 0.3048 -8.23568558394165 10.385424274777018 0.005461205474535618 0
Cone 0 0 0 -1 -1 -1 -1 0.2032 0.2032 0.3048 -7.32381125257331 14.621788946696098 -0.0036308612108230665 0
Cone 0 0 0 -1 -1 -1 -1 0.2032 0.2032 0.3048 -3.07987138926239 7.14903517025177 0.01478200076222419 0
Cone 0 0 0 -1 -1 -1 -1 0.2032 0.2032 0.3048 -2.5742693314875287 5.2332681601987705 0.05012566688855489 0
Cone 0 0 0 -1 -1 -1 -1 0.2032 0.2032 0.3048 -4.122373798198301 11.016183722873885 -0.015334068235329226 0
Cone 0 0 0 -1 -1 -1 -1 0.2032 0.2032 0.3048 -4.409268233172607 11.438847245018987 -0.010735887191030724 0
Cone 0 0 0 -1 -1 -1 -1 0.2032 0.2032 0.3048 -5.406290528170777 15.171210744554443 -0.016554712820053108 0
Cone 0 0 0 -1 -1 -1 -1 0.2032 0.2032 0.3048 -3.6072208662753424 9.046312346631927 0.018838191834092133 0
Cone 0 0 0 -1 -1 -1 -1 0.2032 0.2032 0.3048 -3.4933995932266235 15.67979164379303 -0.04654098631739617 0
Cone 0 0 0 -1 -1 -1 -1 0.2032 0.2032 0.3048 2.1787381190703616 2.3862428968892924 0.15028967215532346 0
Cone 0 0 0 -1 -1 -1 -1 0.2032 0.2032 0.3048 -0.4214973961948758 11.915746240675805 -0.024419656392506196 0
Cone 0 0 0 -1 -1 -1 -1 0.2032 0.2032 0.3048 1.0834040314033508 6.236168518239898 0.0723881297379732 0
Cone 0 0 0 -1 -1 -1 -1 0.2032 0.2032 0.3048 0.10430934343765229 9.919753824248554 -0.0043469025704595855 0
Cone 0 0 0 -1 -1 -1 -1 0.2032 0.2032 0.3048 1.6190197007598028 4.329212090612757 0.09988644348118036 0
Cone 0 0 0 -1 -1 -1 -1 0.2032 0.2032 0.3048 -1.5132434199179332 16.12407985784078 -0.00887752281427384 0
