Cone 0 0 0 -1 -1 -1 -1 0.2032 0.2032 0.3048 -13.820372197024536 11.834212377244873 -0.02583931591908138 0
Cone 0 0 0 -1 -1 -1 -1 0.2032 0.2032 0.3048 -12.590153262011718 13.753943231279296 -0.16730067687034608 0
Cone 0 0 0 -1 -1 -1 -1 0.2032 0.2032 0.3048 -2.0235380262062073 7.706838443452758 -0.1442952747821808 0
Cone 0 0 0 -1 -1 -1 -1 0.2032 0.2032 0.3048 -2.039258413506063 5.64319435216451 -0.08514425612290702 0
Cone 0 0 0 -1 -1 -1 -1 0.2032 0.2032 0.3048 -2.029867391777547 3.6960588242358394 0.04727356861730416 0
Cone 0 0 0 -1 -1 -1 -1 0.2032 0.2032 0.3048 1.7265471374211447 9.601393907243652 -0.14293437233652387 0
Cone 0 0 0 -1 -1 -1 -1 0.2032 0.2032 0.3048 -2.0384710758850098 17.64942033546631 -0.44072574334144593 0
Cone 0 0 0 -1 -1 -1 -1 0.2032 0.2032 0.3048 1.7890298932865143 13.626350238496704 -0.30013288514614106 0
Cone 0 0 0 -1 -1 -1 -1 0.2032 0.2032 0.3048 1.7655724257305145 3.7153031459908394 0.03222050986460275 0
Cone 0 0 0 -1 -1 -1 -1 0.2032 0.2032 0.3048 1.7543547875898813 11.616198863588984 -0.23653235137122022 0
Cone 0 0 0 -1 -1 -1 -1 0.2032 0.2032 0.3048 -2.0555629551336287 9.704827954942626 -0.17154878931045536 0
Cone 0 0 0 -1 -1 -1 -1 0.2032 0.2032 0.3048 -2.900215479724121 19.485898568803712 -0.5006280537128449 0
Cone 0 0 0 -1 -1 -1 -1 0.2032 0.2032 0.3048 1.7130285471752167 7.626211598092956 -0.13268592165708543 0
Cone 0 0 0 -1 -1 -1 -1 0.2032 0.2032 0.3048 1.7403697441095987 5.668208116863809 0.011421877078215273 0
Cone 0 0 0 -1 -1 -1 -1 0.2032 0.2032 0.3048 -2.05083987414093 15.733017518693847 -0.39544150190353394 0
Cone 0 0 0 -1 -1 -1 -1 0.2032 0.2032 0.3048 1.761903968460846 15.626325919801635 -0.3882593806266785 0
Cone 0 0 0 -1 -1 -1 -1 0.2032 0.2032 0.3048 1.77763114274292 17.619418059363607 -0.4181693450291951 0
Cone 0 0 0 -1 -1 -1 -1 0.2032 0.2032 0.3048 -2.034338169289144 13.700771882707519 -0.3210022941907247 0
Cone 0 0 0 -1 -1 -1 -1 0.2032 0.2032 0.3048 -2.055717103672536 11.67356093185608 -0.2554737449367841 0
