Cone 0 0 0 -1 -1 -1 -1 0.2032 0.2032 0.3048 -13.848756644122314 9.061437680894775 0.30897179661393165 0
Cone 0 0 0 -1 -1 -1 -1 0.2032 0.2032 0.3048 -12.688163706652832 11.047525003129882 0.1791537870287895 0
Cone 0 0 0 -1 -1 -1 -1 0.2032 0.2032 0.3048 -7.799326512210083 8.561795070344848 0.07759214980602264 0
Cone 0 0 0 -1 -1 -1 -1 0.2032 0.2032 0.3048 -1.985933127991867 5.206651106054229 0.09267573101520538 0
Cone 0 0 0 -1 -1 -1 -1 0.2032 0.2032 0.3048 -2.075737137304542 11.11170499694099 -0.053880319102321356 0
Cone 0 0 0 -1 -1 -1 -1 0.2032 0.2032 0.3048 -3.0838659733459473 16.9018378998584 -0.14305920110940934 0
Cone 0 0 0 -1 -1 -1 -1 0.2032 0.2032 0.3048 1.722777698643494 9.160292534206949 0.018247377506891878 0
Cone 0 0 0 -1 -1 -1 -1 0.2032 0.2032 0.3048 1.6189483910873412 15.131814267808837 -0.11744940536022189 0
Cone 0 0 0 -1 -1 -1 -1 0.2032 0.2032 0.3048 1.6789504160558064 13.162681812618816 -0.06481541650295258 0
Cone 0 0 0 -1 -1 -1 -1 0.2032 0.2032 0.3048 0.9658021301105499 17.93037088173096 -0.1618123199224472 0
Cone 0 0 0 -1 -1 -1 -1 0.2032 0.2032 0.3048 -2.0771844118759155 9.116541427944743 0.030002660485108683 0
Cone 0 0 0 -1 -1 -1 -1 0.2032 0.2032 0.3048 -10.235116653633627 17.179764450829538 -0.08128041979471844 0
Cone 0 0 0 -1 -1 -1 -1 0.2032 0.2032 0.3048 1.7088647440150262 11.14643589513962 -0.05004755737185479 0
Cone 0 0 0 -1 -1 -1 -1 0.2032 0.2032 0.3048 -1.9765061731369538 3.1654250762526988 0.1356707267117135 0
Cone 0 0 0 -1 -1 -1 -1 0.2032 0.2032 0.3048 -2.178658034727817 15.134845754743925 -0.1423916183259752 0
Cone 0 0 0 -1 -1 -1 -1 0.2032 0.2032 0.3048 1.7639783094401043 7.159195179318034 0.07198031786282856 0
Cone 0 0 0 -1 -1 -1 -1 0.2032 0.2032 0.3048 -2.423883649699402 16.155992105180665 -0.12156535642147065 0
Cone 0 0 0 -1 -1 -1 -1 0.2032 0.2032 0.3048 1.7743225127532958 5.18529657778605 0.13719091110626855 0
Cone 0 0 0 -1 -1 -1 -1 0.2032 0.2032 0.3048 1.8456596629088475 3.238049637044588 0.14663971435796644 0
Cone 0 0 0 -1 -1 -1 -1 0.2032 0.2032 0.3048 -6.364031931750488 17.26163556831543 -0.15093880252838138 0
Cone 0 0 0 -1 -1 -1 -1 0.2032 0.2032 0.3048 -8.266823717944336 17.21363103645508 -0.0889552549203237 0
Cone 0 0 0 -1 -1 -1 -1 0.2032 0.2032 0.3048 -2.140940838051351 13.152848582706161 -0.06238313141928781 0
Cone 0 0 0 -1 -1 -1 -1 0.2032 0.2032 0.3048 -2.041456672541809 7.210203721696777 0.020547431391477577 0
