Cone 0 0 0 -1 -1 -1 -1 0.2032 0.2032 0.3048 -13.02287500400594 10.41399645266398 -0.3058853939851125 0
Cone 0 0 0 -1 -1 -1 -1 0.2032 0.2032 0.3048 -11.251600119464111 11.30015023010437 -0.3635149370312691 0
Cone 0 0 0 -1 -1 -1 -1 0.2032 0.2032 0.3048 -4.867322000853729 7.485022909020029 -0.18235145938197772 0
Cone 0 0 0 -1 -1 -1 -1 0.2032 0.2032 0.3048 -1.661744813006521 2.475866372405576 0.13056835671685357 0
Cone 0 0 0 -1 -1 -1 -1 0.2032 0.2032 0.3048 -8.04908070265503 16.16661651390259 -0.653736054468155 0
Cone 0 0 0 -1 -1 -1 -1 0.2032 0.2032 0.3048 -6.833975373413958 11.26874915219808 -0.39246100853965393 0
Cone 0 0 0 -1 -1 -1 -1 0.2032 0.2032 0.3048 -4.936353378487142 14.897575293555501 -0.5280386105855307 0
Cone 0 0 0 -1 -1 -1 -1 0.2032 0.2032 0.3048 -1.4890569895431518 4.799743646954142 0.003233034841219577 0
Cone 0 0 0 -1 -1 -1 -1 0.2032 0.2032 0.3048 -1.4942644106415883 9.195296916794565 -0.2250838792715754 0
Cone 0 0 0 -1 -1 -1 -1 0.2032 0.2032 0.3048 -2.3936270127619426 11.000411139502768 -0.31856664127906165 0
Cone 0 0 0 -1 -1 -1 -1 0.2032 0.2032 0.3048 -3.318064638964844 12.851098420793459 -0.4324268098354339 0
Cone 0 0 0 -1 -1 -1 -1 0.2032 0.2032 0.3048 0.48444980085639955 8.008248641664428 -0.14400358455181123 0
Cone 0 0 0 -1 -1 -1 -1 0.2032 0.2032 0.3048 -2.894635769717407 6.309838249856872 -0.08798615591526032 0
Cone 0 0 0 -1 -1 -1 -1 0.2032 0.2032 0.3048 1.8415276080444336 6.485154384945475 -0.07057476000785828 0
Cone 0 0 0 -1 -1 -1 -1 0.2032 0.2032 0.3048 -5.783282839251073 9.294293378367666 -0.23528124224940936 0
Cone 0 0 0 -1 -1 -1 -1 0.2032 0.2032 0.3048 5.0158273249938965 15.736998822862548 -0.42473376350402836 0
Cone 0 0 0 -1 -1 -1 -1 0.2032 0.2032 0.3048 1.656344859806188 4.196312709822896 0.04715138287047544 0
Cone 0 0 0 -1 -1 -1 -1 0.2032 0.2032 0.3048 1.7059271231368065 1.980743564242763 0.13570649912422522 0
