Cone 0 0 0 -1 -1 -1 -1 0.2032 0.2032 0.3048 -13.021317071046278 9.867335022728948 -0.21007300042576263 0
Cone 0 0 0 -1 -1 -1 -1 0.2032 0.2032 0.3048 -1.6249573709871443 1.916858960525739 0.1154615616075576 0
Cone 0 0 0 -1 -1 -1 -1 0.2032 0.2032 0.3048 -6.741957136981201 10.62835462349121 -0.2950598116397858 0
Cone 0 0 0 -1 -1 -1 -1 0.2032 0.2032 0.3048 -5.755234610128154 8.729537674645938 -0.19654866820895484 0
Cone 0 0 0 -1 -1 -1 -1 0.2032 0.2032 0.3048 -4.864546858263524 6.942390247756881 -0.14686638136009378 0
Cone 0 0 0 -1 -1 -1 -1 0.2032 0.2032 0.3048 -8.037292016538492 15.620047643358154 -0.6092591778119406 0
Cone 0 0 0 -1 -1 -1 -1 0.2032 0.2032 0.3048 -3.311370175076039 12.296292871807658 -0.42276639001369476 0
Cone 0 0 0 -1 -1 -1 -1 0.2032 0.2032 0.3048 -4.948469711336009 14.354313606594644 -0.5777584980607033 0
Cone 0 0 0 -1 -1 -1 -1 0.2032 0.2032 0.3048 -1.4994990795776366 4.27420377987091 0.03932529805302619 0
Cone 0 0 0 -1 -1 -1 -1 0.2032 0.2032 0.3048 -2.3974211960956575 10.452461418086928 -0.33468995237648486 0
Cone 0 0 0 -1 -1 -1 -1 0.2032 0.2032 0.3048 0.4768425643518448 7.432622029954834 -0.11040057199001313 0
Cone 0 0 0 -1 -1 -1 -1 0.2032 0.2032 0.3048 -8.323993377876791 11.79433337308431 -0.43227592067718507 0
Cone 0 0 0 -1 -1 -1 -1 0.2032 0.2032 0.3048 -1.5057200474797143 8.701404282690394 -0.22692140678697162 0
Cone 0 0 0 -1 -1 -1 -1 0.2032 0.2032 0.3048 1.8351590338754866 5.933314476981404 -0.04388624304003186 0
Cone 0 0 0 -1 -1 -1 -1 0.2032 0.2032 0.3048 -2.8845001190826416 5.728373840028686 -0.05752266155481339 0
Cone 0 0 0 -1 -1 -1 -1 0.2032 0.2032 0.3048 1.6787518839115778 3.6732583607978055 0.10206187546948592 0
Cone 0 0 0 -1 -1 -1 -1 0.2032 0.2032 0.3048 -12.986392828814697 14.175408199006958 -0.5095105464935303 0
Cone 0 0 0 -1 -1 -1 -1 0.2032 0.2032 0.3048 -11.181943747393799 10.739656999284668 -0.30840966062545777 0
