Cone 0 0 0 -1 -1 -1 -1 0.2032 0.2032 0.3048 -2.6742980509922027 2.6056836094207 0.08571600770652293 0
Cone 0 0 0 -1 -1 -1 -1 0.2032 0.2032 0.3048 -9.143986079089355 10.31251752632324 -0.17595439510345462 0
Cone 0 0 0 -1 -1 -1 -1 0.2032 0.2032 0.3048 -10.387698981158447 11.810106113130493 -0.22317116167942685 0
Cone 0 0 0 -1 -1 -1 -1 0.2032 0.2032 0.3048 -7.838808973291694 8.754718112854139 -0.13432962652842204 0
Cone 0 0 0 -1 -1 -1 -1 0.2032 0.2032 0.3048 -6.5305065840408325 7.138292734399083 -0.06709797823727132 0
Cone 0 0 0 -1 -1 -1 -1 0.2032 0.2032 0.3048 -5.239967080943298 5.6296073939151 0.012517977935075753 0
Cone 0 0 0 -1 -1 -1 -1 0.2032 0.2032 0.3048 -3.977424713961792 4.121172979051513 0.0822563548207283 0
Cone 0 0 0 -1 -1 -1 -1 0.2032 0.2032 0.3048 -11.632941894722494 13.352902327552084 -0.3375096416155497 0
Cone 0 0 0 -1 -1 -1 -1 0.2032 0.2032 0.3048 -6.110712336776879 12.68677255681902 -0.2639197525489898 0
Cone 0 0 0 -1 -1 -1 -1 0.2032 0.2032 0.3048 -8.640703849983725 15.756718391750896 -0.40957895871798194 0
Cone 0 0 0 -1 -1 -1 -1 0.2032 0.2032 0.3048 -7.379450731468709 14.195790364915771 -0.33804715381860734 0
Cone 0 0 0 -1 -1 -1 -1 0.2032 0.2032 0.3048 -3.5635002759797274 9.591478722092374 -0.17599455362249306 0
Cone 0 0 0 -1 -1 -1 -1 0.2032 0.2032 0.3048 -4.8447986413960775 11.109737120642905 -0.21583939747810366 0
Cone 0 0 0 -1 -1 -1 -1 0.2032 0.2032 0.3048 -2.2907014499033607 8.034376377438152 -0.0978964884095722 0
Cone 0 0 0 -1 -1 -1 -1 0.2032 0.2032 0.3048 -0.9911519338612875 6.522725831046345 0.0008665332516034352 0
Cone 0 0 0 -1 -1 -1 -1 0.2032 0.2032 0.3048 0.2574822755870955 4.944824287156618 0.06100511380944932 0
Cone 0 0 0 -1 -1 -1 -1 0.2032 0.2032 0.3048 1.5424416834947254 3.501098867733682 0.09489538451139887 0
Cone 0 0 0 -1 -1 -1 -1 0.2032 0.2032 0.3048 4.252253098738127 4.769330332364394 0.17045251232353212 0
Cone 0 0 0 -1 -1 -1 -1 0.2032 0.2032 0.3048 10.67249296805013 7.470323954596761 0.08551642838319141 0
Cone 0 0 0 -1 -1 -1 -1 0.2032 0.2032 0.3048 -12.96727237402649 14.926022603685302 -0.4000822450399399 0
Cone 0 0 0 -1 -1 -1 -1 0.2032 0.2032 0.3048 6.966715720303345 8.813619687730712 0.26491732845157384 0
Cone 0 0 0 -1 -1 -1 -1 0.2032 0.2032 0.3048 -9.95490615863851 17.271617995276696 -0.5187318817456564 0
Cone 0 0 0 -1 -1 -1 -1 0.2032 0.2032 0.3048 3.998076823361206 2.8668207074946594 0.17334099901914596 0
