Cone 0 0 0 -1 -1 -1 -1 0.2032 0.2032 0.3048 -13.095689150683594 9.22730071800415 -0.27725536333322526 0
Cone 0 0 0 -1 -1 -1 -1 0.2032 0.2032 0.3048 -13.089237543933105 13.519975259477539 -0.43949192719459534 0
Cone 0 0 0 -1 -1 -1 -1 0.2032 0.2032 0.3048 -11.32906501789144 10.13628680961792 -0.31338629580338795 0
Cone 0 0 0 -1 -1 -1 -1 0.2032 0.2032 0.3048 -9.56515679060669 11.077457978898925 -0.3241324420452118 0
Cone 0 0 0 -1 -1 -1 -1 0.2032 0.2032 0.3048 -5.854854331737602 8.206498153912998 -0.18636074370940528 0
Cone 0 0 0 -1 -1 -1 -1 0.2032 0.2032 0.3048 -8.473135325305176 11.23794467704956 -0.39623281316757203 0
Cone 0 0 0 -1 -1 -1 -1 0.2032 0.2032 0.3048 -4.936280826388974 6.434537173550634 -0.12910354591210685 0
Cone 0 0 0 -1 -1 -1 -1 0.2032 0.2032 0.3048 -2.9468406021520615 5.238742306405944 -0.07398648330867291 0
Cone 0 0 0 -1 -1 -1 -1 0.2032 0.2032 0.3048 -1.5403869062587738 3.814415123636169 0.04609909622073173 0
Cone 0 0 0 -1 -1 -1 -1 0.2032 0.2032 0.3048 -3.445065483443451 11.782074954683226 -0.33293259696960453 0
Cone 0 0 0 -1 -1 -1 -1 0.2032 0.2032 0.3048 -5.063470455996704 13.815068319017334 -0.44374141054153443 0
Cone 0 0 0 -1 -1 -1 -1 0.2032 0.2032 0.3048 -2.476482090346527 9.928068275965751 -0.2762828060524804 0
Cone 0 0 0 -1 -1 -1 -1 0.2032 0.2032 0.3048 -1.5804337754479052 8.207004372031603 -0.15082612657991107 0
Cone 0 0 0 -1 -1 -1 -1 0.2032 0.2032 0.3048 0.4050283998325348 6.927600219423217 -0.06819835262298585 0
Cone 0 0 0 -1 -1 -1 -1 0.2032 0.2032 0.3048 -14.884108158938599 12.634293153459472 -0.38062472598552705 0
Cone 0 0 0 -1 -1 -1 -1 0.2032 0.2032 0.3048 1.7882895817433677 5.532563506140949 -0.0457458650747935 0
Cone 0 0 0 -1 -1 -1 -1 0.2032 0.2032 0.3048 1.667583814812643 3.240202435970403 0.11362928245799103 0
Cone 0 0 0 -1 -1 -1 -1 0.2032 0.2032 0.3048 -8.20089389184367 15.023071998928629 -0.580596416759491 0
Cone 0 0 0 -1 -1 -1 -1 0.2032 0.2032 0.3048 -6.845405379592556 10.06684469637736 -0.24931597335603506 0
