Cone 0 0 0 -1 -1 -1 -1 0.2032 0.2032 0.3048 -13.859707739279512 11.494204489298637 0.08827810280720393 0
Cone 0 0 0 -1 -1 -1 -1 0.2032 0.2032 0.3048 -12.66575960814209 13.460014798814697 -0.04678002254962922 0
Cone 0 0 0 -1 -1 -1 -1 0.2032 0.2032 0.3048 -2.0222491520568844 9.629794144009194 -0.1525725463708242 0
Cone 0 0 0 -1 -1 -1 -1 0.2032 0.2032 0.3048 -2.070346463712565 11.610040092376844 -0.19919591172006398 0
Cone 0 0 0 -1 -1 -1 -1 0.2032 0.2032 0.3048 -2.2023441920603433 17.582765176469728 -0.3900400097846985 0
Cone 0 0 0 -1 -1 -1 -1 0.2032 0.2032 0.3048 -1.8637088914637883 3.6277681535230504 0.09301079759448765 0
Cone 0 0 0 -1 -1 -1 -1 0.2032 0.2032 0.3048 1.9502443990611484 3.7373626382609917 0.07148518229155312 0
Cone 0 0 0 -1 -1 -1 -1 0.2032 0.2032 0.3048 -1.9650581210777283 7.653528764421386 -0.1281146253824234 0
Cone 0 0 0 -1 -1 -1 -1 0.2032 0.2032 0.3048 1.7193389405881245 13.653896882707519 -0.25935122327804566 0
Cone 0 0 0 -1 -1 -1 -1 0.2032 0.2032 0.3048 1.7414020483057295 11.627518019509104 -0.21365264327412561 0
Cone 0 0 0 -1 -1 -1 -1 0.2032 0.2032 0.3048 -3.1030802458450317 19.390879228288576 -0.43292111115455634 0
Cone 0 0 0 -1 -1 -1 -1 0.2032 0.2032 0.3048 -2.1454023649220786 15.650669013037923 -0.3492622470537821 0
Cone 0 0 0 -1 -1 -1 -1 0.2032 0.2032 0.3048 1.8637620478942871 5.648176267320557 -0.012646475998560594 0
Cone 0 0 0 -1 -1 -1 -1 0.2032 0.2032 0.3048 1.7621597561645717 9.603769908919576 -0.11961807242830597 0
Cone 0 0 0 -1 -1 -1 -1 0.2032 0.2032 0.3048 -2.4149420390452065 18.5380995219694 -0.43866746581395466 0
Cone 0 0 0 -1 -1 -1 -1 0.2032 0.2032 0.3048 -2.075777225685628 13.628805155132852 -0.2695096279859543 0
Cone 0 0 0 -1 -1 -1 -1 0.2032 0.2032 0.3048 -1.9275871843025207 5.603565528566284 -0.018148347306251533 0
