Cone 0 0 0 -1 -1 -1 -1 0.2032 0.2032 0.3048 -13.188171386380173 10.31595113003384 -0.036756265479326256 0
Cone 0 0 0 -1 -1 -1 -1 0.2032 0.2032 0.3048 -8.76399573981018 9.56486232536499 -0.13442140774726868 0
Cone 0 0 0 -1 -1 -1 -1 0.2032 0.2032 0.3048 -10.728165579828136 9.954500630075378 -0.11991652927597363 0
Cone 0 0 0 -1 -1 -1 -1 0.2032 0.2032 0.3048 -9.870400560888163 13.658143157337749 -0.35779584156274796 0
Cone 0 0 0 -1 -1 -1 -1 0.2032 0.2032 0.3048 -6.817874179607476 9.150682205532634 -0.15259802712466983 0
Cone 0 0 0 -1 -1 -1 -1 0.2032 0.2032 0.3048 -11.82029761742234 14.031689490877804 -0.3416915808371135 0
Cone 0 0 0 -1 -1 -1 -1 0.2032 0.2032 0.3048 -4.86814857819926 8.755668899656643 -0.2184315865914027 0
Cone 0 0 0 -1 -1 -1 -1 0.2032 0.2032 0.3048 -1.7937695903363091 3.8709825351156644 0.0786575250893831 0
Cone 0 0 0 -1 -1 -1 -1 0.2032 0.2032 0.3048 -2.8953909761774517 8.346147303357364 -0.18619012000319501 0
Cone 0 0 0 -1 -1 -1 -1 0.2032 0.2032 0.3048 1.9403527709419408 3.1656802799052426 0.11505081749285259 0
Cone 0 0 0 -1 -1 -1 -1 0.2032 0.2032 0.3048 -4.154788395755005 12.512247763648276 -0.42886563695271807 0
Cone 0 0 0 -1 -1 -1 -1 0.2032 0.2032 0.3048 2.2927851945236206 7.696817829782409 -0.18538558440208436 0
Cone 0 0 0 -1 -1 -1 -1 0.2032 0.2032 0.3048 3.7462996035888674 3.1921632792300416 -0.08875209646224977 0
Cone 0 0 0 -1 -1 -1 -1 0.2032 0.2032 0.3048 -12.668490854182073 10.382424246984224 -0.0639251544327963 0
Cone 0 0 0 -1 -1 -1 -1 0.2032 0.2032 0.3048 0.6403972491696358 10.579937889749452 -0.3617788906574249 0
Cone 0 0 0 -1 -1 -1 -1 0.2032 0.2032 0.3048 -6.093397828929138 12.855912044221803 -0.4246029998540878 0
Cone 0 0 0 -1 -1 -1 -1 0.2032 0.2032 0.3048 -1.374340030543518 6.763691797429962 -0.11627975435853005 0
Cone 0 0 0 -1 -1 -1 -1 0.2032 0.2032 0.3048 2.280172315247345 5.069311752492827 -0.03566317217350007 0
Cone 0 0 0 -1 -1 -1 -1 0.2032 0.2032 0.3048 -2.1588186693968634 12.104182760207781 -0.4388924364498683 0
Cone 0 0 0 -1 -1 -1 -1 0.2032 0.2032 0.3048 -1.3943473097276475 5.854634518002116 -0.04835415174696182 0
