Cone 0 0 0 -1 -1 -1 -1 0.2032 0.2032 0.3048 -12.504281136386108 10.28497905986969 0.3323568941194564 0
Cone 0 0 0 -1 -1 -1 -1 0.2032 0.2032 0.3048 -7.7018160432502745 7.742051854307098 0.15895652255117892 0
Cone 0 0 0 -1 -1 -1 -1 0.2032 0.2032 0.3048 1.8667428257993879 2.2286554620411425 0.14978265985965372 0
Cone 0 0 0 -1 -1 -1 -1 0.2032 0.2032 0.3048 1.8930009951268516 10.166659124979304 0.022014303295952924 0
Cone 0 0 0 -1 -1 -1 -1 0.2032 0.2032 0.3048 -1.950438760710271 12.256009732260946 0.014218330812454216 0
Cone 0 0 0 -1 -1 -1 -1 0.2032 0.2032 0.3048 -0.7166617482826233 19.184188440019533 -0.1551818709254265 0
Cone 0 0 0 -1 -1 -1 -1 0.2032 0.2032 0.3048 -1.958752658766544 8.219953310209016 0.1025368972937266 0
Cone 0 0 0 -1 -1 -1 -1 0.2032 0.2032 0.3048 1.8704291234488166 12.13073221303487 -0.010404253073533381 0
Cone 0 0 0 -1 -1 -1 -1 0.2032 0.2032 0.3048 1.8485048463021596 8.145427793835246 0.062406947147846205 0
Cone 0 0 0 -1 -1 -1 -1 0.2032 0.2032 0.3048 -1.9214023083374023 4.293375163847846 0.1692235995650291 0
Cone 0 0 0 -1 -1 -1 -1 0.2032 0.2032 0.3048 -6.0840956499104815 16.389280022423776 0.014837431012259582 0
Cone 0 0 0 -1 -1 -1 -1 0.2032 0.2032 0.3048 -1.902345022055022 2.233465733204924 0.11999777995745338 0
Cone 0 0 0 -1 -1 -1 -1 0.2032 0.2032 0.3048 1.872949706522115 6.202613070184631 0.13158710064440965 0
Cone 0 0 0 -1 -1 -1 -1 0.2032 0.2032 0.3048 1.2400264014874778 16.953774685238447 -0.1133878276427587 0
Cone 0 0 0 -1 -1 -1 -1 0.2032 0.2032 0.3048 -1.9133245299546675 10.194224972681662 0.05064391349770805 0
Cone 0 0 0 -1 -1 -1 -1 0.2032 0.2032 0.3048 1.8487004409308117 4.224791018076712 0.15543176255987748 0
Cone 0 0 0 -1 -1 -1 -1 0.2032 0.2032 0.3048 1.8765801856989544 14.142661857513563 -0.0588466123421987 0
Cone 0 0 0 -1 -1 -1 -1 0.2032 0.2032 0.3048 -2.8134990264897666 16.003579849575605 -0.04836184240182242 0
Cone 0 0 0 -1 -1 -1 -1 0.2032 0.2032 0.3048 -1.959068192037455 14.20144295153483 -0.03981925007502239 0
Cone 0 0 0 -1 -1 -1 -1 0.2032 0.2032 0.3048 -1.9450553784693403 6.289926285122476 0.14332814867993193 0
Cone 0 0 0 -1 -1 -1 -1 0.2032 0.2032 0.3048 -9.934180209033203 16.40477273719971 0.1229434747815132 0
Cone 0 0 0 -1 -1 -1 -1 0.2032 0.2032 0.3048 -7.988917363675943 16.37473288632894 0.060098690720399216 0
