Cone 0 0 0 -1 -1 -1 -1 0.2032 0.2032 0.3048 -11.831324335925293 10.45090492027466 -0.04309272723197938 0
Cone 0 0 0 -1 -1 -1 -1 0.2032 0.2032 0.3048 -12.82914261519165 10.326791074449462 -0.04112885700464249 0
Cone 0 0 0 -1 -1 -1 -1 0.2032 0.2032 0.3048 -9.675878855578613 10.344281509096069 -0.13454013274908067 0
Cone 0 0 0 -1 -1 -1 -1 0.2032 0.2032 0.3048 -14.494622418276977 13.750984552080078 -0.20923081692854564 0
Cone 0 0 0 -1 -1 -1 -1 0.2032 0.2032 0.3048 -11.624798469734701 14.290894344026489 -0.24884559171199797 0
Cone 0 0 0 -1 -1 -1 -1 0.2032 0.2032 0.3048 -9.587594522031656 14.155339156165365 -0.2312283759991328 0
Cone 0 0 0 -1 -1 -1 -1 0.2032 0.2032 0.3048 -7.6065073460266115 14.103923394853515 -0.26545745687484745 0
Cone 0 0 0 -1 -1 -1 -1 0.2032 0.2032 0.3048 -1.8585608046289515 3.9524839965471275 0.012861268817053887 0
Cone 0 0 0 -1 -1 -1 -1 0.2032 0.2032 0.3048 -5.833861363920085 10.229071850155437 -0.13763196226755778 0
Cone 0 0 0 -1 -1 -1 -1 0.2032 0.2032 0.3048 -3.673093665632121 10.119317955349528 -0.1741516099055608 0
Cone 0 0 0 -1 -1 -1 -1 0.2032 0.2032 0.3048 -5.62656676735399 14.024654621456706 -0.28558951904508806 0
Cone 0 0 0 -1 -1 -1 -1 0.2032 0.2032 0.3048 -1.8037595182582855 5.930632665330809 -0.06952578779856365 0
Cone 0 0 0 -1 -1 -1 -1 0.2032 0.2032 0.3048 -1.9258111541632033 8.896032471792447 -0.17099359730538868 0
Cone 0 0 0 -1 -1 -1 -1 0.2032 0.2032 0.3048 -0.3825436429770575 12.80013319642144 -0.29801793519126046 0
Cone 0 0 0 -1 -1 -1 -1 0.2032 0.2032 0.3048 2.0297603875473023 7.710657670671387 -0.12511548357009888 0
Cone 0 0 0 -1 -1 -1 -1 0.2032 0.2032 0.3048 1.9456361949518204 5.7189719225711055 -0.053421068507432945 0
Cone 0 0 0 -1 -1 -1 -1 0.2032 0.2032 0.3048 1.9225023339266456 3.8046356067802938 0.04939970963398615 0
Cone 0 0 0 -1 -1 -1 -1 0.2032 0.2032 0.3048 -2.577604863040161 9.66869434771403 -0.20103485541343694 0
Cone 0 0 0 -1 -1 -1 -1 0.2032 0.2032 0.3048 -13.655559632174683 9.64619310157959 0.037869975399971 0
Cone 0 0 0 -1 -1 -1 -1 0.2032 0.2032 0.3048 -7.747531267993164 10.270551994020385 -0.14454770790338517 0
Cone 0 0 0 -1 -1 -1 -1 0.2032 0.2032 0.3048 -3.621118498834483 13.974687411958618 -0.2547739739894867 0
Cone 0 0 0 -1 -1 -1 -1 0.2032 0.2032 0.3048 1.4917117744758606 10.513836076433105 -0.2184290911436081 0
