Cone 0 0 0 -1 -1 -1 -1 0.2032 0.2032 0.3048 -14.862360092990112 10.258827998811645 0.12595494506955146 0
Cone 0 0 0 -1 -1 -1 -1 0.2032 0.2032 0.3048 -9.956769320361328 7.074921062166137 0.11556430278420446 0
Cone 0 0 0 -1 -1 -1 -1 0.2032 0.2032 0.3048 -12.053019472949218 10.916717460328979 0.11711241496801375 0
Cone 0 0 0 -1 -1 -1 -1 0.2032 0.2032 0.3048 -10.053274564934286 10.910025273337606 0.10018718533913294 0
Cone 0 0 0 -1 -1 -1 -1 0.2032 0.2032 0.3048 -6.0662491337100075 7.09958474437715 0.06455920040948049 0
Cone 0 0 0 -1 -1 -1 -1 0.2032 0.2032 0.3048 -1.8799017314325606 3.1019511638842325 0.13896480923632465 0
Cone 0 0 0 -1 -1 -1 -1 0.2032 0.2032 0.3048 -6.045188201459758 10.893104101271264 0.014471747765086938 0
Cone 0 0 0 -1 -1 -1 -1 0.2032 0.2032 0.3048 -3.950638446204376 7.149217461123708 0.02886911058872937 0
Cone 0 0 0 -1 -1 -1 -1 0.2032 0.2032 0.3048 -4.059038922183228 10.992326333696289 0.027391803693771356 0
Cone 0 0 0 -1 -1 -1 -1 0.2032 0.2032 0.3048 -2.155551287524414 6.046991501822713 0.07359069380362827 0
Cone 0 0 0 -1 -1 -1 -1 0.2032 0.2032 0.3048 -1.9098395635609944 4.995888426477355 0.06404688790308104 0
Cone 0 0 0 -1 -1 -1 -1 0.2032 0.2032 0.3048 -0.7801889806911468 9.999304871997543 -0.003921502978934191 0
Cone 0 0 0 -1 -1 -1 -1 0.2032 0.2032 0.3048 1.2372978597953797 7.793749644929809 0.056247868072986595 0
Cone 0 0 0 -1 -1 -1 -1 0.2032 0.2032 0.3048 1.9401522215944078 3.084725500386268 0.1774568349896206 0
Cone 0 0 0 -1 -1 -1 -1 0.2032 0.2032 0.3048 1.88406967488344 5.037757921127454 0.13162404093345006 0
Cone 0 0 0 -1 -1 -1 -1 0.2032 0.2032 0.3048 -8.035563227526856 10.911437204057616 0.06659242255687713 0
Cone 0 0 0 -1 -1 -1 -1 0.2032 0.2032 0.3048 -8.009997571500652 7.09243694402242 0.10039942605495451 0
Cone 0 0 0 -1 -1 -1 -1 0.2032 0.2032 0.3048 11.13134732545166 6.330080265377604 0.31749106381163 0
