Cone 0 0 0 -1 -1 -1 -1 0.2032 0.2032 0.3048 -16.091385218493652 10.834625318223877 -0.2146128560781479 0
Cone 0 0 0 -1 -1 -1 -1 0.2032 0.2032 0.3048 -12.423174553108725 12.383851840669555 -0.4015235449552536 0
Cone 0 0 0 -1 -1 -1 -1 0.2032 0.2032 0.3048 -14.249942216269684 11.597163334066314 -0.3256212133347988 0
Cone 0 0 0 -1 -1 -1 -1 0.2032 0.2032 0.3048 -8.758276793353271 13.977514341051025 -0.5355947907447816 0
Cone 0 0 0 -1 -1 -1 -1 0.2032 0.2032 0.3048 -6.493760320536804 13.408393933946533 -0.42769199566841126 0
Cone 0 0 0 -1 -1 -1 -1 0.2032 0.2032 0.3048 -7.658313207817587 14.069358740821126 -0.5094333684126537 0
Cone 0 0 0 -1 -1 -1 -1 0.2032 0.2032 0.3048 -5.25393026371053 10.849677001013998 -0.3304059434943729 0
Cone 0 0 0 -1 -1 -1 -1 0.2032 0.2032 0.3048 -1.529968584569804 3.8213802442696125 0.06394595000346501 0
Cone 0 0 0 -1 -1 -1 -1 0.2032 0.2032 0.3048 -6.082132988167318 12.784016206437988 -0.4446008399804433 0
Cone 0 0 0 -1 -1 -1 -1 0.2032 0.2032 0.3048 -2.544451933098348 7.7434915705450615 -0.1709802319830114 0
Cone 0 0 0 -1 -1 -1 -1 0.2032 0.2032 0.3048 -2.612149021022034 14.29470041053955 -0.5072893317222595 0
Cone 0 0 0 -1 -1 -1 -1 0.2032 0.2032 0.3048 -1.2302157544353063 6.140752018731146 -0.06834598008261789 0
Cone 0 0 0 -1 -1 -1 -1 0.2032 0.2032 0.3048 -4.097450640127903 16.412079302378473 -0.604660354953342 0
Cone 0 0 0 -1 -1 -1 -1 0.2032 0.2032 0.3048 -0.9922814398929596 10.583477777813517 -0.2937873259862264 0
Cone 0 0 0 -1 -1 -1 -1 0.2032 0.2032 0.3048 -1.7866050809547425 12.406675603563231 -0.3861146068255107 0
Cone 0 0 0 -1 -1 -1 -1 0.2032 0.2032 0.3048 0.9122015377433172 9.236089482291705 -0.1927866545427413 0
Cone 0 0 0 -1 -1 -1 -1 0.2032 0.2032 0.3048 1.8873047898287456 5.354067896380665 -0.012299167184034988 0
Cone 0 0 0 -1 -1 -1 -1 0.2032 0.2032 0.3048 5.662968686230469 16.631469800645753 -0.4717425401687622 0
Cone 0 0 0 -1 -1 -1 -1 0.2032 0.2032 0.3048 -7.10040316282959 17.80801859952474 -0.716266870069504 0
Cone 0 0 0 -1 -1 -1 -1 0.2032 0.2032 0.3048 1.792915057231109 3.164601885910697 0.1524600386501575 0
