Cone 0 0 0 -1 -1 -1 -1 0.2032 0.2032 0.3048 -12.56763883397895 11.250021743682996 0.06939416007730696 0
Cone 0 0 0 -1 -1 -1 -1 0.2032 0.2032 0.3048 -9.07018329003703 7.359090402299804 0.10473829550743102 0
Cone 0 0 0 -1 -1 -1 -1 0.2032 0.2032 0.3048 -2.433301990885713 2.70866340787011 0.1093539374515414 0
Cone 0 0 0 -1 -1 -1 -1 0.2032 0.2032 0.3048 -9.509529826037598 11.59559619682495 0.03021763904094695 0
Cone 0 0 0 -1 -1 -1 -1 0.2032 0.2032 0.3048 -6.828026548872049 10.42891044872467 -0.01183297867945263 0
Cone 0 0 0 -1 -1 -1 -1 0.2032 0.2032 0.3048 -5.204856866392008 9.232556169206543 0.01659875723918278 0
Cone 0 0 0 -1 -1 -1 -1 0.2032 0.2032 0.3048 -3.5547455804614208 8.114564832622452 0.03329443745655672 0
Cone 0 0 0 -1 -1 -1 -1 0.2032 0.2032 0.3048 -1.9373961716815948 6.947923257524414 0.031094063502550118 0
Cone 0 0 0 -1 -1 -1 -1 0.2032 0.2032 0.3048 8.129449692375946 13.217109635049743 -0.09163784937858582 0
Cone 0 0 0 -1 -1 -1 -1 0.2032 0.2032 0.3048 1.801199934390672 3.1525290743258023 0.13246671488583087 0
Cone 0 0 0 -1 -1 -1 -1 0.2032 0.2032 0.3048 -0.27314812987298964 5.807508244687957 0.07755095182061195 0
