Cone 0 0 0 -1 -1 -1 -1 0.2032 0.2032 0.3048 -5.983527249421522 5.119314487683749 0.08249806258281071 0
Cone 0 0 0 -1 -1 -1 -1 0.2032 0.2032 0.3048 -9.805341129494224 9.035910712256673 0.027726760935783374 0
Cone 0 0 0 -1 -1 -1 -1 0.2032 0.2032 0.3048 -3.835167530171585 5.096013560468597 0.06638678764998912 0
Cone 0 0 0 -1 -1 -1 -1 0.2032 0.2032 0.3048 -7.8114706009552 8.994153202813179 0.010795214539104031 0
Cone 0 0 0 -1 -1 -1 -1 0.2032 0.2032 0.3048 -1.9021429922108968 2.898205731088562 0.11919766349792478 0
Cone 0 0 0 -1 -1 -1 -1 0.2032 0.2032 0.3048 -2.0891332670262295 3.9057698337836633 0.08128134860509917 0
Cone 0 0 0 -1 -1 -1 -1 0.2032 0.2032 0.3048 -3.8051529888521465 8.887594521900374 -0.02956501401265463 0
Cone 0 0 0 -1 -1 -1 -1 0.2032 0.2032 0.3048 4.48030391038208 19.57470895969998 -0.47198592911296416 0
Cone 0 0 0 -1 -1 -1 -1 0.2032 0.2032 0.3048 1.918776384145364 2.795400118972929 0.16371979496028446 0
Cone 0 0 0 -1 -1 -1 -1 0.2032 0.2032 0.3048 -2.7373908489868164 4.656304791147155 0.0694665540575981 0
Cone 0 0 0 -1 -1 -1 -1 0.2032 0.2032 0.3048 1.3232021335172865 5.497796662557101 0.012043935158517616 0
