Cone 0 0 0 -1 -1 -1 -1 0.2032 0.2032 0.3048 -9.666601193937174 7.769695236856384 -0.10173830843766532 0
Cone 0 0 0 -1 -1 -1 -1 0.2032 0.2032 0.3048 -7.6674321905413665 7.655039168826525 -0.06873694019317628 0
Cone 0 0 0 -1 -1 -1 -1 0.2032 0.2032 0.3048 -5.676440212123108 7.548611548842903 -0.020391572740764332 0
Cone 0 0 0 -1 -1 -1 -1 0.2032 0.2032 0.3048 -1.8001671066941305 3.0384392798462665 0.13418735614078625 0
Cone 0 0 0 -1 -1 -1 -1 0.2032 0.2032 0.3048 -1.9315747742067608 3.527754755534232 0.11092732293605803 0
Cone 0 0 0 -1 -1 -1 -1 0.2032 0.2032 0.3048 -4.3586466242795305 10.526711763184576 -0.16353710035615499 0
Cone 0 0 0 -1 -1 -1 -1 0.2032 0.2032 0.3048 -3.6663677789945486 7.425228549976867 -0.007007194874684024 0
Cone 0 0 0 -1 -1 -1 -1 0.2032 0.2032 0.3048 -3.213324589523188 10.479695049830257 -0.14466195758978528 0
Cone 0 0 0 -1 -1 -1 -1 0.2032 0.2032 0.3048 -1.7008396118804932 7.360238983804626 0.01913915617465972 0
Cone 0 0 0 -1 -1 -1 -1 0.2032 0.2032 0.3048 1.9407954944880053 2.6731863130512625 0.1659982960842324 0
Cone 0 0 0 -1 -1 -1 -1 0.2032 0.2032 0.3048 2.9405165582969666 2.7278752571092477 -0.0635151436607043 0
Cone 0 0 0 -1 -1 -1 -1 0.2032 0.2032 0.3048 4.529169467098999 9.983235194856567 -0.17949233161211015 0
Cone 0 0 0 -1 -1 -1 -1 0.2032 0.2032 0.3048 2.3015493820185347 7.023661608074747 0.025764114342133194 0
Cone 0 0 0 -1 -1 -1 -1 0.2032 0.2032 0.3048 -3.9048972921164613 3.66095103943478 0.12848487497899266 0
Cone 0 0 0 -1 -1 -1 -1 0.2032 0.2032 0.3048 0.2744681879952431 7.237605645830078 0.03255366576910018 0
