Cone 0 0 0 -1 -1 -1 -1 0.2032 0.2032 0.3048 -12.786810146099175 12.125095600460613 0.09006257977618111 0
Cone 0 0 0 -1 -1 -1 -1 0.2032 0.2032 0.3048 -2.0635071454938796 2.213292241525437 0.090825352643785 0
Cone 0 0 0 -1 -1 -1 -1 0.2032 0.2032 0.3048 1.5719266355112076 14.180636122400207 -0.20173400783836842 0
Cone 0 0 0 -1 -1 -1 -1 0.2032 0.2032 0.3048 -2.2076831986432395 12.195333475445354 -0.11519180195331576 0
Cone 0 0 0 -1 -1 -1 -1 0.2032 0.2032 0.3048 -2.116798731677246 4.200838730735793 0.10341870011658894 0
Cone 0 0 0 -1 -1 -1 -1 0.2032 0.2032 0.3048 -3.197093678506724 17.991752539649255 -0.27125329978068674 0
Cone 0 0 0 -1 -1 -1 -1 0.2032 0.2032 0.3048 1.682881135181645 4.244968051289162 0.06389167876811254 0
Cone 0 0 0 -1 -1 -1 -1 0.2032 0.2032 0.3048 1.6012194303549405 8.188471422814324 -0.018518629099073876 0
Cone 0 0 0 -1 -1 -1 -1 0.2032 0.2032 0.3048 -2.1642959420353747 8.218911675641127 0.00429383315389805 0
Cone 0 0 0 -1 -1 -1 -1 0.2032 0.2032 0.3048 -2.294484439484787 16.18277700203125 -0.20879177706241608 0
Cone 0 0 0 -1 -1 -1 -1 0.2032 0.2032 0.3048 1.5933713261644635 10.200440385515137 -0.06159720803669522 0
Cone 0 0 0 -1 -1 -1 -1 0.2032 0.2032 0.3048 -2.212886854431116 10.191816176973994 -0.06549500311783382 0
Cone 0 0 0 -1 -1 -1 -1 0.2032 0.2032 0.3048 -6.445795231056722 18.30924756782715 -0.21148291187286375 0
Cone 0 0 0 -1 -1 -1 -1 0.2032 0.2032 0.3048 1.7021914366000985 2.2712874054043275 0.1015548136578471 0
Cone 0 0 0 -1 -1 -1 -1 0.2032 0.2032 0.3048 1.6034680972571056 12.209510082577312 -0.10817035244703294 0
Cone 0 0 0 -1 -1 -1 -1 0.2032 0.2032 0.3048 0.884403394666799 18.945662413611654 -0.3230937218348185 0
Cone 0 0 0 -1 -1 -1 -1 0.2032 0.2032 0.3048 1.6318856865242004 6.179241612131042 -0.026850314009189614 0
Cone 0 0 0 -1 -1 -1 -1 0.2032 0.2032 0.3048 -2.244880808385722 14.230331653927408 -0.15879428840478263 0
