Cone 0 0 0 -1 -1 -1 -1 0.2032 0.2032 0.3048 -14.090525004260254 9.18515196897054 0.005621622435251865 0
Cone 0 0 0 -1 -1 -1 -1 0.2032 0.2032 0.3048 -9.581575724475098 7.985766757389263 0.00820252555097852 0
Cone 0 0 0 -1 -1 -1 -1 0.2032 0.2032 0.3048 -14.164264744843885 11.170622581814373 -0.09563646008703446 0
Cone 0 0 0 -1 -1 -1 -1 0.2032 0.2032 0.3048 -2.6413664648855844 3.680968557372334 0.07142130825122196 0
Cone 0 0 0 -1 -1 -1 -1 0.2032 0.2032 0.3048 -3.292377047730001 5.5672491337603764 -0.03622514463265738 0
Cone 0 0 0 -1 -1 -1 -1 0.2032 0.2032 0.3048 -2.155730161063385 7.564432814294738 -0.11434230910539628 0
Cone 0 0 0 -1 -1 -1 -1 0.2032 0.2032 0.3048 -1.0366704163732392 9.526082504650311 -0.13551110678144865 0
Cone 0 0 0 -1 -1 -1 -1 0.2032 0.2032 0.3048 -1.9764459262217202 19.648463164344076 -0.4802958066940308 0
Cone 0 0 0 -1 -1 -1 -1 0.2032 0.2032 0.3048 -1.8911799877807618 17.559211137468264 -0.4371048475980759 0
Cone 0 0 0 -1 -1 -1 -1 0.2032 0.2032 0.3048 0.12404747742661636 11.701590898210448 -0.1968533928871155 0
Cone 0 0 0 -1 -1 -1 -1 0.2032 0.2032 0.3048 -0.51880178152771 13.642276361162109 -0.31110403892199195 0
Cone 0 0 0 -1 -1 -1 -1 0.2032 0.2032 0.3048 0.5079264670684814 5.6296809460467525 0.03389843745231628 0
Cone 0 0 0 -1 -1 -1 -1 0.2032 0.2032 0.3048 2.012911823399353 15.773054991736654 -0.3526709969520569 0
Cone 0 0 0 -1 -1 -1 -1 0.2032 0.2032 0.3048 1.9426803261116028 17.692932361935224 -0.35344252940813703 0
Cone 0 0 0 -1 -1 -1 -1 0.2032 0.2032 0.3048 1.3169741832622104 3.779573493820689 0.1107074020671466 0
Cone 0 0 0 -1 -1 -1 -1 0.2032 0.2032 0.3048 3.9303542564387004 11.827425967231038 -0.15178467414577804 0
Cone 0 0 0 -1 -1 -1 -1 0.2032 0.2032 0.3048 2.7707148419560537 9.771949099078421 -0.0680863382763333 0
Cone 0 0 0 -1 -1 -1 -1 0.2032 0.2032 0.3048 7.750730660565186 16.10446651237671 -0.2502855058193207 0
