Cone 0 0 0 -1 -1 -1 -1 0.2032 0.2032 0.3048 -10.508689543597413 10.87530868309204 0.05316136671304702 0
Cone 0 0 0 -1 -1 -1 -1 0.2032 0.2032 0.3048 -7.439908733105033 7.104859383620321 0.051240386604411256 0
Cone 0 0 0 -1 -1 -1 -1 0.2032 0.2032 0.3048 -9.285943044217936 14.71785902438029 -0.13506071226596833 0
Cone 0 0 0 -1 -1 -1 -1 0.2032 0.2032 0.3048 -9.870999285571289 12.713833215410157 -0.016148800222078968 0
Cone 0 0 0 -1 -1 -1 -1 0.2032 0.2032 0.3048 -8.690752360217285 16.640420431469526 -0.21452462381919227 0
Cone 0 0 0 -1 -1 -1 -1 0.2032 0.2032 0.3048 -1.670366870412881 3.840267662153712 0.096702119072846 0
Cone 0 0 0 -1 -1 -1 -1 0.2032 0.2032 0.3048 0.08880509998772343 5.2731052821622715 0.08525123539765675 0
Cone 0 0 0 -1 -1 -1 -1 0.2032 0.2032 0.3048 1.1734280324718898 19.855606100202913 -0.4802794419076708 0
Cone 0 0 0 -1 -1 -1 -1 0.2032 0.2032 0.3048 3.670118259397634 14.592305495912475 -0.27678299403985346 0
Cone 0 0 0 -1 -1 -1 -1 0.2032 0.2032 0.3048 3.0699724465682983 12.682988034262898 -0.18307371046940485 0
Cone 0 0 0 -1 -1 -1 -1 0.2032 0.2032 0.3048 3.985695984967041 18.57893522041504 -0.4294209177970887 0
Cone 0 0 0 -1 -1 -1 -1 0.2032 0.2032 0.3048 4.29303618968277 16.633103206331178 -0.305093332695961 0
Cone 0 0 0 -1 -1 -1 -1 0.2032 0.2032 0.3048 3.0954367786720276 19.185500695878908 -0.45335443274974824 0
Cone 0 0 0 -1 -1 -1 -1 0.2032 0.2032 0.3048 3.624503460533905 10.433864111279094 -0.12069089171091718 0
Cone 0 0 0 -1 -1 -1 -1 0.2032 0.2032 0.3048 1.8233276873901367 6.809010659232381 0.046528126231829316 0
Cone 0 0 0 -1 -1 -1 -1 0.2032 0.2032 0.3048 3.5826636201217648 8.405102771031833 -0.026346374056074363 0
Cone 0 0 0 -1 -1 -1 -1 0.2032 0.2032 0.3048 6.709739354260254 11.622094764882965 -0.125480560156703 0
Cone 0 0 0 -1 -1 -1 -1 0.2032 0.2032 0.3048 7.299619761116791 13.508105471307678 -0.16647807093262673 0
Cone 0 0 0 -1 -1 -1 -1 0.2032 0.2032 0.3048 7.918683118628946 15.415399784420572 -0.23029129660924275 0
Cone 0 0 0 -1 -1 -1 -1 0.2032 0.2032 0.3048 1.9529726362965052 2.6206956213460795 0.15073530828654766 0
Cone 0 0 0 -1 -1 -1 -1 0.2032 0.2032 0.3048 15.863513425 11.762326028520507 0.007110688519477837 0
Cone 0 0 0 -1 -1 -1 -1 0.2032 0.2032 0.3048 3.864754604307302 4.142620736931406 0.15137192774017652 0
Cone 0 0 0 -1 -1 -1 -1 0.2032 0.2032 0.3048 -11.091253651174418 8.997473075563354 0.10318139362533886 0
Cone 0 0 0 -1 -1 -1 -1 0.2032 0.2032 0.3048 7.291642287380982 9.359913741126302 -0.020784270334243782 0
Cone 0 0 0 -1 -1 -1 -1 0.2032 0.2032 0.3048 5.4749624335177955 5.770595995493706 0.10785334682994417 0
