Cone 0 0 0 -1 -1 -1 -1 0.2032 0.2032 0.3048 -11.910186526171875 8.836319870327554 0.1059942428588867 0
Cone 0 0 0 -1 -1 -1 -1 0.2032 0.2032 0.3048 -13.934259268634033 10.031698658639831 0.054164896216988556 0
Cone 0 0 0 -1 -1 -1 -1 0.2032 0.2032 0.3048 -7.777537744804165 6.45139096493132 0.07303378844885598 0
Cone 0 0 0 -1 -1 -1 -1 0.2032 0.2032 0.3048 -9.865476494026693 7.821725887631022 0.04048754715124765 0
Cone 0 0 0 -1 -1 -1 -1 0.2032 0.2032 0.3048 -5.8503935977032615 7.203500452782781 0.039408042036919354 0
Cone 0 0 0 -1 -1 -1 -1 0.2032 0.2032 0.3048 -3.678463312976074 4.45950104253952 0.08156285105347633 0
Cone 0 0 0 -1 -1 -1 -1 0.2032 0.2032 0.3048 -1.639019965723839 2.2753810505734946 0.10822554071375301 0
Cone 0 0 0 -1 -1 -1 -1 0.2032 0.2032 0.3048 -1.834181586562771 3.295868994038612 0.11807671977281568 0
Cone 0 0 0 -1 -1 -1 -1 0.2032 0.2032 0.3048 -3.8854568948783417 8.246099101896244 -0.051051579305045634 0
Cone 0 0 0 -1 -1 -1 -1 0.2032 0.2032 0.3048 12.855765965588379 8.115666940385742 -0.046882241535186775 0
Cone 0 0 0 -1 -1 -1 -1 0.2032 0.2032 0.3048 2.1543763132783833 2.196389752836035 0.19718966067462143 0
Cone 0 0 0 -1 -1 -1 -1 0.2032 0.2032 0.3048 1.5214554538403828 4.995917513544005 0.057846421184142426 0
