Cone 0 0 0 -1 -1 -1 -1 0.2032 0.2032 0.3048 -11.798292967669678 8.846713537548625 0.2842457565734784 0
Cone 0 0 0 -1 -1 -1 -1 0.2032 0.2032 0.3048 -13.9114252855306 10.024642382636312 0.283899811215202 0
Cone 0 0 0 -1 -1 -1 -1 0.2032 0.2032 0.3048 -7.823575055449858 6.498774159809308 0.17693845259573251 0
Cone 0 0 0 -1 -1 -1 -1 0.2032 0.2032 0.3048 -11.97630349950387 12.674849311797747 0.2508415133061153 0
Cone 0 0 0 -1 -1 -1 -1 0.2032 0.2032 0.3048 -7.826355490081024 10.317729308778686 0.15300791194736957 0
Cone 0 0 0 -1 -1 -1 -1 0.2032 0.2032 0.3048 -9.896934095017624 11.667868837291643 0.1637901658758521 0
Cone 0 0 0 -1 -1 -1 -1 0.2032 0.2032 0.3048 -5.856128955305699 7.1290927503822115 0.12184918315623486 0
Cone 0 0 0 -1 -1 -1 -1 0.2032 0.2032 0.3048 -1.5950509142801284 2.113470040799488 0.13060604252112096 0
Cone 0 0 0 -1 -1 -1 -1 0.2032 0.2032 0.3048 -3.7497989175336985 8.310705983445457 0.06631141449614211 0
Cone 0 0 0 -1 -1 -1 -1 0.2032 0.2032 0.3048 -5.943228138479106 11.093410208398742 0.07112993808537721 0
Cone 0 0 0 -1 -1 -1 -1 0.2032 0.2032 0.3048 -2.560562466625168 7.934596315113169 0.04237779915964499 0
Cone 0 0 0 -1 -1 -1 -1 0.2032 0.2032 0.3048 -1.6730212102259316 6.15860167600179 0.062444468768437685 0
Cone 0 0 0 -1 -1 -1 -1 0.2032 0.2032 0.3048 -3.979306361071777 12.171409998908283 0.0498093169748783 0
Cone 0 0 0 -1 -1 -1 -1 0.2032 0.2032 0.3048 2.105879015731303 4.110478967999064 0.066019539219141 0
Cone 0 0 0 -1 -1 -1 -1 0.2032 0.2032 0.3048 2.1238584190681458 6.14118273513977 0.05910265674889087 0
Cone 0 0 0 -1 -1 -1 -1 0.2032 0.2032 0.3048 -14.037194105975342 13.838219239885253 0.27191740969270467 0
Cone 0 0 0 -1 -1 -1 -1 0.2032 0.2032 0.3048 12.740382037116033 11.849910073237082 -0.22544175817641338 0
Cone 0 0 0 -1 -1 -1 -1 0.2032 0.2032 0.3048 -0.5995812982246399 11.22204405881429 -0.04638021942774455 0
Cone 0 0 0 -1 -1 -1 -1 0.2032 0.2032 0.3048 1.465913029850345 8.87337341829271 -0.026585948534806576 0
Cone 0 0 0 -1 -1 -1 -1 0.2032 0.2032 0.3048 2.1994613895888007 2.1807563509291836 0.21744125274744192 0
Cone 0 0 0 -1 -1 -1 -1 0.2032 0.2032 0.3048 -1.6677772068240695 4.055986306311 0.1106092852382196 0
Cone 0 0 0 -1 -1 -1 -1 0.2032 0.2032 0.3048 -9.786849352709961 7.6748517300433345 0.2523442715972662 0
