Cone 0 0 0 -1 -1 -1 -1 0.2032 0.2032 0.3048 1.974650775179531 11.655964007109601 -0.002619392464779049 0
Cone 0 0 0 -1 -1 -1 -1 0.2032 0.2032 0.3048 -13.008794706626674 12.03076376830148 0.20809648628021987 0
Cone 0 0 0 -1 -1 -1 -1 0.2032 0.2032 0.3048 1.9955746874287605 13.651397361928863 -0.026605132538080223 0
Cone 0 0 0 -1 -1 -1 -1 0.2032 0.2032 0.3048 -1.8256180683697383 11.794998306606852 0.01134325308799743 0
Cone 0 0 0 -1 -1 -1 -1 0.2032 0.2032 0.3048 -0.4883759051486969 18.70356662529175 -0.11600433992147446 0
Cone 0 0 0 -1 -1 -1 -1 0.2032 0.2032 0.3048 -3.7521789699718475 15.987089111978456 -0.013608138579130184 0
Cone 0 0 0 -1 -1 -1 -1 0.2032 0.2032 0.3048 -2.644789291414134 15.586694155707601 -0.00654712773164114 0
Cone 0 0 0 -1 -1 -1 -1 0.2032 0.2032 0.3048 1.8804191917255402 7.666106536561889 0.06336507244110107 0
Cone 0 0 0 -1 -1 -1 -1 0.2032 0.2032 0.3048 -9.765913340441895 16.102727296525877 0.02079069756666818 0
Cone 0 0 0 -1 -1 -1 -1 0.2032 0.2032 0.3048 1.4285348922088623 16.432661527966108 -0.11762870308558147 0
Cone 0 0 0 -1 -1 -1 -1 0.2032 0.2032 0.3048 1.7978411996722812 3.72266519949869 0.14740493493051754 0
Cone 0 0 0 -1 -1 -1 -1 0.2032 0.2032 0.3048 1.845452653375753 5.673555408492328 0.09779224836031593 0
Cone 0 0 0 -1 -1 -1 -1 0.2032 0.2032 0.3048 -1.911952325694275 7.808139684373779 0.0972013284087181 0
Cone 0 0 0 -1 -1 -1 -1 0.2032 0.2032 0.3048 -1.8407154932543754 9.752717002803726 0.056482603736966834 0
Cone 0 0 0 -1 -1 -1 -1 0.2032 0.2032 0.3048 -5.8983073562309265 16.02334566372101 -0.005138080137968071 0
Cone 0 0 0 -1 -1 -1 -1 0.2032 0.2032 0.3048 1.9317058550534385 9.641337760198093 0.013789550431285573 0
Cone 0 0 0 -1 -1 -1 -1 0.2032 0.2032 0.3048 -1.9997892349884032 3.878908946687622 0.16028740262687208 0
Cone 0 0 0 -1 -1 -1 -1 0.2032 0.2032 0.3048 -7.819228344154866 16.076491906816408 0.022643814913431797 0
Cone 0 0 0 -1 -1 -1 -1 0.2032 0.2032 0.3048 -1.8069762915298462 13.769785478288574 -0.029089159834384926 0
Cone 0 0 0 -1 -1 -1 -1 0.2032 0.2032 0.3048 -1.9309077709838869 5.855411365205688 0.12672544462680818 0
