Cone 0 0 0 -1 -1 -1 -1 0.2032 0.2032 0.3048 -14.242974969737244 9.671396567994995 0.02778091697096824 0
Cone 0 0 0 -1 -1 -1 -1 0.2032 0.2032 0.3048 -16.583775851123047 10.693632358883464 -0.07228799618085226 0
Cone 0 0 0 -1 -1 -1 -1 0.2032 0.2032 0.3048 -10.691645094744873 16.273158433610842 -0.42583268241882327 0
Cone 0 0 0 -1 -1 -1 -1 0.2032 0.2032 0.3048 -6.775813075892639 16.84324391143982 -0.4827939416646958 0
Cone 0 0 0 -1 -1 -1 -1 0.2032 0.2032 0.3048 -1.431415671704167 3.32256542275601 0.08795483309668477 0
Cone 0 0 0 -1 -1 -1 -1 0.2032 0.2032 0.3048 -2.2414794653579713 13.167434480363768 -0.31451601939201357 0
Cone 0 0 0 -1 -1 -1 -1 0.2032 0.2032 0.3048 -1.964943911127758 11.173663332635803 -0.26024929763674737 0
Cone 0 0 0 -1 -1 -1 -1 0.2032 0.2032 0.3048 -3.6915346115753174 16.91973693626587 -0.5580538805007935 0
Cone 0 0 0 -1 -1 -1 -1 0.2032 0.2032 0.3048 -0.45732990005861907 9.448248984987183 -0.2035813764413198 0
Cone 0 0 0 -1 -1 -1 -1 0.2032 0.2032 0.3048 -0.49981809704751967 5.323313250715179 0.0313462470293045 0
Cone 0 0 0 -1 -1 -1 -1 0.2032 0.2032 0.3048 0.3886912733390808 7.532575522437337 -0.1090665753364563 0
Cone 0 0 0 -1 -1 -1 -1 0.2032 0.2032 0.3048 0.3040775179937363 18.26300390022461 -0.6037560995101929 0
Cone 0 0 0 -1 -1 -1 -1 0.2032 0.2032 0.3048 1.8044887751415253 11.819318885181985 -0.2603233477155368 0
Cone 0 0 0 -1 -1 -1 -1 0.2032 0.2032 0.3048 1.5064737171009064 13.76971991317932 -0.32139182544549305 0
Cone 0 0 0 -1 -1 -1 -1 0.2032 0.2032 0.3048 3.2518510209263907 9.985235977081434 -0.16173374485770864 0
Cone 0 0 0 -1 -1 -1 -1 0.2032 0.2032 0.3048 -2.5393181770965576 15.263866737062378 -0.4391924436569214 0
Cone 0 0 0 -1 -1 -1 -1 0.2032 0.2032 0.3048 9.664731489626059 15.902321253791097 -0.30800680276552833 0
Cone 0 0 0 -1 -1 -1 -1 0.2032 0.2032 0.3048 4.120390534739515 8.203023858773685 -0.04610045438971785 0
Cone 0 0 0 -1 -1 -1 -1 0.2032 0.2032 0.3048 -8.736668917529297 16.562566513393964 -0.4785701330184937 0
Cone 0 0 0 -1 -1 -1 -1 0.2032 0.2032 0.3048 2.4772851616218565 3.860770657236022 0.12803394557982678 0
Cone 0 0 0 -1 -1 -1 -1 0.2032 0.2032 0.3048 3.189550267664083 6.005666568452759 0.03986349248091379 0
