Cone 0 0 0 -1 -1 -1 -1 0.2032 0.2032 0.3048 -13.27802850106608 8.996306970292968 0.015517185560862215 0
Cone 0 0 0 -1 -1 -1 -1 0.2032 0.2032 0.3048 -9.310260547193401 8.40550877111618 -0.08814476884206138 0
Cone 0 0 0 -1 -1 -1 -1 0.2032 0.2032 0.3048 -11.257362013054403 8.662320330316467 -0.08419527716239295 0
Cone 0 0 0 -1 -1 -1 -1 0.2032 0.2032 0.3048 -12.673311450786189 12.72776683767956 -0.2670333182493846 0
Cone 0 0 0 -1 -1 -1 -1 0.2032 0.2032 0.3048 -7.329447886340332 8.124534665122273 -0.12157265004316967 0
Cone 0 0 0 -1 -1 -1 -1 0.2032 0.2032 0.3048 -12.665436121813965 11.729567601854248 -0.33426558928489686 0
Cone 0 0 0 -1 -1 -1 -1 0.2032 0.2032 0.3048 -10.67801768216078 12.436989434468723 -0.30306165705256993 0
Cone 0 0 0 -1 -1 -1 -1 0.2032 0.2032 0.3048 -5.3429506367370605 7.824408020351969 -0.14757463134129845 0
Cone 0 0 0 -1 -1 -1 -1 0.2032 0.2032 0.3048 -1.9735180972513104 3.212766627190014 0.07112687663294018 0
Cone 0 0 0 -1 -1 -1 -1 0.2032 0.2032 0.3048 -6.877442690722656 11.948238923723144 -0.4142125661849976 0
Cone 0 0 0 -1 -1 -1 -1 0.2032 0.2032 0.3048 -2.3692867090230307 7.118360434546712 -0.14929353154500327 0
Cone 0 0 0 -1 -1 -1 -1 0.2032 0.2032 0.3048 -1.6993282566393535 5.230215623552246 -0.04445890542666118 0
Cone 0 0 0 -1 -1 -1 -1 0.2032 0.2032 0.3048 -4.894501670103871 11.69854804424816 -0.4056008968613364 0
Cone 0 0 0 -1 -1 -1 -1 0.2032 0.2032 0.3048 -8.842563483111572 12.194801166231079 -0.32283945338726044 0
Cone 0 0 0 -1 -1 -1 -1 0.2032 0.2032 0.3048 -1.747452192497762 6.1113959099597155 -0.10978687760035198 0
Cone 0 0 0 -1 -1 -1 -1 0.2032 0.2032 0.3048 -3.361516950520388 7.606780586548623 -0.20389980221092702 0
Cone 0 0 0 -1 -1 -1 -1 0.2032 0.2032 0.3048 1.7929977328794933 2.7446656216358147 0.11644959043519838 0
Cone 0 0 0 -1 -1 -1 -1 0.2032 0.2032 0.3048 11.002832876649984 6.274118020708008 -0.16289198852380118 0
Cone 0 0 0 -1 -1 -1 -1 0.2032 0.2032 0.3048 -2.8747253070200602 11.367685042395832 -0.41138312972386676 0
Cone 0 0 0 -1 -1 -1 -1 0.2032 0.2032 0.3048 1.8274815350845337 7.292659118348999 -0.20712134199142457 0
Cone 0 0 0 -1 -1 -1 -1 0.2032 0.2032 0.3048 -0.0001714936959720803 10.037955293109848 -0.34052429676661405 0
Cone 0 0 0 -1 -1 -1 -1 0.2032 0.2032 0.3048 2.029017485188929 4.709339970921121 0.014355044620235754 0
