Cone 0 0 0 -1 -1 -1 -1 0.2032 0.2032 0.3048 -12.444026133410645 14.424290445024413 -0.4198804553031922 0
Cone 0 0 0 -1 -1 -1 -1 0.2032 0.2032 0.3048 -10.51455316244812 14.934037759477539 -0.5053757126808167 0
Cone 0 0 0 -1 -1 -1 -1 0.2032 0.2032 0.3048 -1.6620337523090818 2.6795689746059828 0.13626737186050128 0
Cone 0 0 0 -1 -1 -1 -1 0.2032 0.2032 0.3048 -6.6980053514167786 15.962180450136108 -0.6064483891606332 0
Cone 0 0 0 -1 -1 -1 -1 0.2032 0.2032 0.3048 -4.241162988536072 14.429057433778686 -0.48389944391250617 0
Cone 0 0 0 -1 -1 -1 -1 0.2032 0.2032 0.3048 -3.662790080897522 12.351341417009277 -0.3985119576931 0
Cone 0 0 0 -1 -1 -1 -1 0.2032 0.2032 0.3048 -5.584722054990642 15.904158984198812 -0.5908773338476817 0
Cone 0 0 0 -1 -1 -1 -1 0.2032 0.2032 0.3048 -1.4548846779610887 8.865118552557117 -0.21642399673618765 0
Cone 0 0 0 -1 -1 -1 -1 0.2032 0.2032 0.3048 -4.511721941821289 19.554841592485353 -0.8171386118412018 0
Cone 0 0 0 -1 -1 -1 -1 0.2032 0.2032 0.3048 -1.0082853565539043 4.7923171068972765 0.012927844307819994 0
Cone 0 0 0 -1 -1 -1 -1 0.2032 0.2032 0.3048 -0.39007428089033763 7.093963299765828 -0.1337244059324265 0
Cone 0 0 0 -1 -1 -1 -1 0.2032 0.2032 0.3048 -1.7454462081119537 17.71572629071737 -0.7358379906098047 0
Cone 0 0 0 -1 -1 -1 -1 0.2032 0.2032 0.3048 -0.014601079305024939 13.387094492291055 -0.4214642093261083 0
Cone 0 0 0 -1 -1 -1 -1 0.2032 0.2032 0.3048 0.4907055045241992 11.492511267040813 -0.2984689171791077 0
Cone 0 0 0 -1 -1 -1 -1 0.2032 0.2032 0.3048 -0.5644708404863993 15.384402190222982 -0.5080312585512797 0
Cone 0 0 0 -1 -1 -1 -1 0.2032 0.2032 0.3048 2.168720287092018 9.859775259668274 -0.2479240616838137 0
Cone 0 0 0 -1 -1 -1 -1 0.2032 0.2032 0.3048 3.214273283744485 8.155422682140909 -0.1230346400079273 0
Cone 0 0 0 -1 -1 -1 -1 0.2032 0.2032 0.3048 7.8076446324661255 16.494238212282106 -0.503588035273552 0
Cone 0 0 0 -1 -1 -1 -1 0.2032 0.2032 0.3048 2.5798678666427612 5.855348104809366 -0.052156919805208854 0
Cone 0 0 0 -1 -1 -1 -1 0.2032 0.2032 0.3048 -3.1523112426127113 10.412573348059896 -0.3150426721254984 0
Cone 0 0 0 -1 -1 -1 -1 0.2032 0.2032 0.3048 -8.62458643614502 15.44742019432251 -0.5951979454040528 0
Cone 0 0 0 -1 -1 -1 -1 0.2032 0.2032 0.3048 -14.38108811079712 13.913960769349975 -0.3202271755218506 0
Cone 0 0 0 -1 -1 -1 -1 0.2032 0.2032 0.3048 2.1584395581558224 3.7087181291725666 0.08213187876542408 0
