Cone 0 0 0 -1 -1 -1 -1 0.2032 0.2032 0.3048 -10.45387701689453 7.9884403333809395 0.00921615603764851 0
Cone 0 0 0 -1 -1 -1 -1 0.2032 0.2032 0.3048 -14.696173998706055 11.528120114976808 -0.03651583896875382 0
Cone 0 0 0 -1 -1 -1 -1 0.2032 0.2032 0.3048 -8.446869036547852 8.133854563939549 0.03914043780697716 0
Cone 0 0 0 -1 -1 -1 -1 0.2032 0.2032 0.3048 -12.735655638568115 11.670287683183593 -0.057106673288345344 0
Cone 0 0 0 -1 -1 -1 -1 0.2032 0.2032 0.3048 -1.944409885995102 2.108501871997757 0.12487267820239065 0
Cone 0 0 0 -1 -1 -1 -1 0.2032 0.2032 0.3048 -6.471058990881687 8.255921543877632 0.03485467410617404 0
Cone 0 0 0 -1 -1 -1 -1 0.2032 0.2032 0.3048 -10.702824287605793 11.822631910020752 -0.025105610060691837 0
Cone 0 0 0 -1 -1 -1 -1 0.2032 0.2032 0.3048 -4.471219249558958 8.392224544857584 0.06383954088381594 0
Cone 0 0 0 -1 -1 -1 -1 0.2032 0.2032 0.3048 -2.0654927223846435 4.041236593896789 0.10797778013547261 0
Cone 0 0 0 -1 -1 -1 -1 0.2032 0.2032 0.3048 -4.736580257607015 12.216281074856363 0.039204475712776174 0
Cone 0 0 0 -1 -1 -1 -1 0.2032 0.2032 0.3048 -8.744928055000813 11.97749987699056 0.019402559034029637 0
Cone 0 0 0 -1 -1 -1 -1 0.2032 0.2032 0.3048 -2.387675898266347 8.177935634266344 0.04910482763133264 0
Cone 0 0 0 -1 -1 -1 -1 0.2032 0.2032 0.3048 -5.1189038882578535 15.272104496334636 -0.06410920742617714 0
Cone 0 0 0 -1 -1 -1 -1 0.2032 0.2032 0.3048 1.2528434942240396 12.530784569754841 0.014836584460735314 0
Cone 0 0 0 -1 -1 -1 -1 0.2032 0.2032 0.3048 1.4737637200266296 8.183249926319832 0.026994334999486492 0
Cone 0 0 0 -1 -1 -1 -1 0.2032 0.2032 0.3048 1.8177457561621493 2.317350139249552 0.15663913271591406 0
Cone 0 0 0 -1 -1 -1 -1 0.2032 0.2032 0.3048 1.726089170156833 4.2999077967266945 0.11737727017615521 0
Cone 0 0 0 -1 -1 -1 -1 0.2032 0.2032 0.3048 -2.209253165118408 6.021869812979939 0.08218321992158889 0
Cone 0 0 0 -1 -1 -1 -1 0.2032 0.2032 0.3048 -2.751923429532787 12.353573492882152 0.026732994406563886 0
Cone 0 0 0 -1 -1 -1 -1 0.2032 0.2032 0.3048 -0.7678127478201593 12.47389770150504 0.010140481967159672 0
