Cone 0 0 0 -1 -1 -1 -1 0.2032 0.2032 0.3048 -12.78344007299262 11.549752124059177 0.10026061536404822 0
Cone 0 0 0 -1 -1 -1 -1 0.2032 0.2032 0.3048 -9.798091027133179 12.858584001237793 0.006014910024404518 0
Cone 0 0 0 -1 -1 -1 -1 0.2032 0.2032 0.3048 -11.679586145274353 13.476177051240846 0.08166316567063331 0
Cone 0 0 0 -1 -1 -1 -1 0.2032 0.2032 0.3048 -1.4090139306910552 1.8561857424805108 0.1302462964050375 0
Cone 0 0 0 -1 -1 -1 -1 0.2032 0.2032 0.3048 -7.883688303820801 12.293604606960855 -0.018574766385555275 0
Cone 0 0 0 -1 -1 -1 -1 0.2032 0.2032 0.3048 -8.592504911613974 16.50770989514852 -0.11458145163257918 0
Cone 0 0 0 -1 -1 -1 -1 0.2032 0.2032 0.3048 -2.0222164464773997 4.0664872416460085 0.11889101794064041 0
Cone 0 0 0 -1 -1 -1 -1 0.2032 0.2032 0.3048 -6.8020639866516115 15.968951394731445 -0.16110901789665225 0
Cone 0 0 0 -1 -1 -1 -1 0.2032 0.2032 0.3048 -12.203215071551513 13.436951615983887 0.06894698483943938 0
Cone 0 0 0 -1 -1 -1 -1 0.2032 0.2032 0.3048 -10.511572691790771 17.062414720231935 -0.09859047787189484 0
Cone 0 0 0 -1 -1 -1 -1 0.2032 0.2032 0.3048 -1.4498357653543472 5.95664687412445 0.07758296324014663 0
Cone 0 0 0 -1 -1 -1 -1 0.2032 0.2032 0.3048 -4.0357669777739025 11.121177543064315 -0.08403632427624295 0
Cone 0 0 0 -1 -1 -1 -1 0.2032 0.2032 0.3048 -4.892571144295247 15.377058897986654 -0.2167782580534617 0
Cone 0 0 0 -1 -1 -1 -1 0.2032 0.2032 0.3048 -5.971842279171317 11.710350485362113 -0.04346386300325394 0
Cone 0 0 0 -1 -1 -1 -1 0.2032 0.2032 0.3048 -2.9954348004452176 14.813739108947889 -0.2325519931660758 0
Cone 0 0 0 -1 -1 -1 -1 0.2032 0.2032 0.3048 -2.1317145091220855 10.534354293519897 -0.08998898781140646 0
Cone 0 0 0 -1 -1 -1 -1 0.2032 0.2032 0.3048 -13.310559126727295 9.639218642885131 0.17882070547044276 0
Cone 0 0 0 -1 -1 -1 -1 0.2032 0.2032 0.3048 -1.0297463687407318 14.240378047710413 -0.22436850999372981 0
Cone 0 0 0 -1 -1 -1 -1 0.2032 0.2032 0.3048 -0.7687169734314203 8.84984669047062 -0.007613710940380905 0
Cone 0 0 0 -1 -1 -1 -1 0.2032 0.2032 0.3048 -0.8711534768268585 7.946370437318725 0.011222225111722939 0
Cone 0 0 0 -1 -1 -1 -1 0.2032 0.2032 0.3048 -1.2217416256591798 9.901045530015868 -0.07561565058231355 0
Cone 0 0 0 -1 -1 -1 -1 0.2032 0.2032 0.3048 1.6324864298179627 12.45114028709595 -0.17472884910106662 0
Cone 0 0 0 -1 -1 -1 -1 0.2032 0.2032 0.3048 2.9858980106530324 9.392810146300919 -0.06732209622519357 0
Cone 0 0 0 -1 -1 -1 -1 0.2032 0.2032 0.3048 2.1743947883521395 4.851078951929651 0.08573786988308033 0
Cone 0 0 0 -1 -1 -1 -1 0.2032 0.2032 0.3048 2.738472607739258 6.776444568807525 0.0478811976134777 0
Cone 0 0 0 -1 -1 -1 -1 0.2032 0.2032 0.3048 1.65232516350525 3.0392632490854177 0.1278939919397368 0
Cone 0 0 0 -1 -1 -1 -1 0.2032 0.2032 0.3048 13.92264142335205 14.251902813290203 -0.20489047921498615 0
