Cone 0 0 0 -1 -1 -1 -1 0.2032 0.2032 0.3048 -14.089142812284342 9.441751395240072 0.015095748436450951 0
Cone 0 0 0 -1 -1 -1 -1 0.2032 0.2032 0.3048 -12.835362818167452 11.29467304008667 -0.07490869320233663 0
Cone 0 0 0 -1 -1 -1 -1 0.2032 0.2032 0.3048 -13.69263811493879 10.61810003604527 -0.07057602873529707 0
Cone 0 0 0 -1 -1 -1 -1 0.2032 0.2032 0.3048 -11.818962666384888 11.413332297975463 -0.1103107502738635 0
Cone 0 0 0 -1 -1 -1 -1 0.2032 0.2032 0.3048 -11.625800940386963 15.256152584726259 -0.24669267194271088 0
Cone 0 0 0 -1 -1 -1 -1 0.2032 0.2032 0.3048 -9.698044948769123 11.320518154476723 -0.16778555270830794 0
Cone 0 0 0 -1 -1 -1 -1 0.2032 0.2032 0.3048 -1.9644099982046668 2.978014372363332 0.08287112391843245 0
Cone 0 0 0 -1 -1 -1 -1 0.2032 0.2032 0.3048 -9.61128840147705 15.166277747592636 -0.2899435621844398 0
Cone 0 0 0 -1 -1 -1 -1 0.2032 0.2032 0.3048 -7.764481716347249 11.254015122428182 -0.18706644531885785 0
Cone 0 0 0 -1 -1 -1 -1 0.2032 0.2032 0.3048 -7.611948725573731 15.084256532365721 -0.31788911180496215 0
Cone 0 0 0 -1 -1 -1 -1 0.2032 0.2032 0.3048 -1.8452166547303517 4.914855176781259 0.014249897680679949 0
Cone 0 0 0 -1 -1 -1 -1 0.2032 0.2032 0.3048 -5.632913708348252 15.00660554029012 -0.3559928730805715 0
Cone 0 0 0 -1 -1 -1 -1 0.2032 0.2032 0.3048 -1.7925862401649475 6.89589579361145 -0.08419601576328278 0
Cone 0 0 0 -1 -1 -1 -1 0.2032 0.2032 0.3048 -1.761020268525526 8.899560659105225 -0.18160800453821818 0
Cone 0 0 0 -1 -1 -1 -1 0.2032 0.2032 0.3048 -0.37783178984375 13.825087462439779 -0.3669329380671183 0
Cone 0 0 0 -1 -1 -1 -1 0.2032 0.2032 0.3048 1.5030530725281035 11.49478141495479 -0.27421723795448033 0
Cone 0 0 0 -1 -1 -1 -1 0.2032 0.2032 0.3048 2.0315306284672325 8.706222256311703 -0.14752909072467263 0
Cone 0 0 0 -1 -1 -1 -1 0.2032 0.2032 0.3048 1.9102423697784423 4.737832846815032 0.005285992157459252 0
Cone 0 0 0 -1 -1 -1 -1 0.2032 0.2032 0.3048 1.8864839989021303 2.8056046197559867 0.14394636594454444 0
Cone 0 0 0 -1 -1 -1 -1 0.2032 0.2032 0.3048 -2.5601216524765014 10.660599591905516 -0.24528802888393403 0
Cone 0 0 0 -1 -1 -1 -1 0.2032 0.2032 0.3048 -1.8502246469184875 9.395358159715576 -0.16173708395957948 0
Cone 0 0 0 -1 -1 -1 -1 0.2032 0.2032 0.3048 -5.826123687617493 11.19448788421814 -0.19538356320858002 0
Cone 0 0 0 -1 -1 -1 -1 0.2032 0.2032 0.3048 1.9666007727458954 6.711557462388916 -0.07065112845897675 0
Cone 0 0 0 -1 -1 -1 -1 0.2032 0.2032 0.3048 -3.61562338768692 14.987215354616088 -0.3513788576602936 0
Cone 0 0 0 -1 -1 -1 -1 0.2032 0.2032 0.3048 -3.6706298321411133 11.104934766466064 -0.24406027502616245 0
