Cone 0 0 0 -1 -1 -1 -1 0.2032 0.2032 0.3048 -12.311664594205729 9.533601993893228 -0.168812013733387 0
Cone 0 0 0 -1 -1 -1 -1 0.2032 0.2032 0.3048 -10.301441523425293 9.597668054277342 -0.15792715804576876 0
Cone 0 0 0 -1 -1 -1 -1 0.2032 0.2032 0.3048 -6.206513683135678 5.89077106714568 -0.0031389799112365446 0
Cone 0 0 0 -1 -1 -1 -1 0.2032 0.2032 0.3048 -8.325003557396442 9.659017398530883 -0.11945479320287705 0
Cone 0 0 0 -1 -1 -1 -1 0.2032 0.2032 0.3048 -4.223396751277161 5.956318929368896 0.02994366778135299 0
Cone 0 0 0 -1 -1 -1 -1 0.2032 0.2032 0.3048 -4.29986366165265 9.724958785283542 -0.05072558520701198 0
Cone 0 0 0 -1 -1 -1 -1 0.2032 0.2032 0.3048 -2.3429931994867115 9.810256767181532 -0.08767195541130174 0
Cone 0 0 0 -1 -1 -1 -1 0.2032 0.2032 0.3048 -0.3786572235251585 9.85609882133667 -0.06978887947201731 0
Cone 0 0 0 -1 -1 -1 -1 0.2032 0.2032 0.3048 -1.650607972299531 12.78582341918348 -0.053864266977539356 0
Cone 0 0 0 -1 -1 -1 -1 0.2032 0.2032 0.3048 1.6577175190125784 9.830454921630993 -0.008412023866838897 0
Cone 0 0 0 -1 -1 -1 -1 0.2032 0.2032 0.3048 3.5978559821918488 13.071234657937927 -0.23121881069540978 0
Cone 0 0 0 -1 -1 -1 -1 0.2032 0.2032 0.3048 -6.331299586089961 9.71188313554523 -0.10177268901765348 0
