Cone 0 0 0 -1 -1 -1 -1 0.2032 0.2032 0.3048 -16.107664756966145 11.493486637447917 0.35329882843494415 0
Cone 0 0 0 -1 -1 -1 -1 0.2032 0.2032 0.3048 -1.7961102801699842 8.843063085848732 0.020494918435492677 0
Cone 0 0 0 -1 -1 -1 -1 0.2032 0.2032 0.3048 -2.0068145881022135 2.882805324536552 0.11061322869832822 0
Cone 0 0 0 -1 -1 -1 -1 0.2032 0.2032 0.3048 1.838680780934779 4.689644733642183 0.10255242896030345 0
Cone 0 0 0 -1 -1 -1 -1 0.2032 0.2032 0.3048 -1.869741398088646 6.910246386701507 0.04434225006103515 0
Cone 0 0 0 -1 -1 -1 -1 0.2032 0.2032 0.3048 -7.569924049568685 17.21398774243856 -0.061225177911917374 0
Cone 0 0 0 -1 -1 -1 -1 0.2032 0.2032 0.3048 1.8161952664529166 2.7391755020366535 0.14394812332540746 0
Cone 0 0 0 -1 -1 -1 -1 0.2032 0.2032 0.3048 -5.649808260791016 17.159103181535645 -0.13658471660614016 0
Cone 0 0 0 -1 -1 -1 -1 0.2032 0.2032 0.3048 2.229738381512451 14.664828851396484 -0.09421717084248861 0
Cone 0 0 0 -1 -1 -1 -1 0.2032 0.2032 0.3048 2.0029922694042206 8.626623625134073 0.021907691652079415 0
Cone 0 0 0 -1 -1 -1 -1 0.2032 0.2032 0.3048 1.9311068922355652 6.664997770959777 0.05751254452466964 0
Cone 0 0 0 -1 -1 -1 -1 0.2032 0.2032 0.3048 -12.275367709986877 11.290080979043884 0.18363739886007582 0
Cone 0 0 0 -1 -1 -1 -1 0.2032 0.2032 0.3048 -1.9036626785919188 4.917232229883117 0.12820100752711294 0
Cone 0 0 0 -1 -1 -1 -1 0.2032 0.2032 0.3048 -1.6348877642761503 12.863175602473317 -0.0631200038926942 0
Cone 0 0 0 -1 -1 -1 -1 0.2032 0.2032 0.3048 -1.6912483304664612 10.81705984530314 0.0006708199103673217 0
Cone 0 0 0 -1 -1 -1 -1 0.2032 0.2032 0.3048 -2.3811084359809875 16.644445731813356 -0.1059242631673813 0
Cone 0 0 0 -1 -1 -1 -1 0.2032 0.2032 0.3048 -1.5851964205429077 14.827615907365722 -0.09402763800621033 0
Cone 0 0 0 -1 -1 -1 -1 0.2032 0.2032 0.3048 -3.4892757465367636 17.05692854978109 -0.11551328457196554 0
Cone 0 0 0 -1 -1 -1 -1 0.2032 0.2032 0.3048 1.7082820008272805 17.45378644722168 -0.18774025297959646 0
Cone 0 0 0 -1 -1 -1 -1 0.2032 0.2032 0.3048 2.155426314480591 12.639735009843749 -0.07761334733963013 0
Cone 0 0 0 -1 -1 -1 -1 0.2032 0.2032 0.3048 2.1058297997787476 10.62651443260376 -0.02467966990470887 0
Cone 0 0 0 -1 -1 -1 -1 0.2032 0.2032 0.3048 -0.17731262842070267 19.756114429806317 -0.23564092275301615 0
Cone 0 0 0 -1 -1 -1 -1 0.2032 0.2032 0.3048 -9.491296304258219 17.304158125891927 -0.02414922870000204 0
