Cone 0 0 0 -1 -1 -1 -1 0.2032 0.2032 0.3048 -16.32437262236328 10.443557336503906 0.06579691959619521 0
Cone 0 0 0 -1 -1 -1 -1 0.2032 0.2032 0.3048 -14.306623312823486 10.509932305986327 0.006723369342088692 0
Cone 0 0 0 -1 -1 -1 -1 0.2032 0.2032 0.3048 -8.195178839556885 6.865544194553935 0.08872423612276711 0
Cone 0 0 0 -1 -1 -1 -1 0.2032 0.2032 0.3048 -6.209620131048076 6.899055802289178 0.07363711547387969 0
Cone 0 0 0 -1 -1 -1 -1 0.2032 0.2032 0.3048 -10.365223579597982 10.655169847185059 0.026995878847440077 0
Cone 0 0 0 -1 -1 -1 -1 0.2032 0.2032 0.3048 -8.346980823072306 10.685871675187988 0.0144154042571783 0
Cone 0 0 0 -1 -1 -1 -1 0.2032 0.2032 0.3048 -2.000696060495532 2.591737567403999 0.18532016549782343 0
Cone 0 0 0 -1 -1 -1 -1 0.2032 0.2032 0.3048 -4.217320268345388 6.9844457890338125 0.10919278046190736 0
Cone 0 0 0 -1 -1 -1 -1 0.2032 0.2032 0.3048 -6.333452077881678 10.741676537645056 0.04359046392432686 0
Cone 0 0 0 -1 -1 -1 -1 0.2032 0.2032 0.3048 -4.340162671598307 10.777612550432128 0.10279621147314706 0
Cone 0 0 0 -1 -1 -1 -1 0.2032 0.2032 0.3048 -2.0414248966434054 4.558384444887084 0.15258417487012013 0
Cone 0 0 0 -1 -1 -1 -1 0.2032 0.2032 0.3048 1.704230365164566 6.546306207353515 0.1376828332066536 0
Cone 0 0 0 -1 -1 -1 -1 0.2032 0.2032 0.3048 1.632146824407069 10.88774183052246 0.04678300686875978 0
Cone 0 0 0 -1 -1 -1 -1 0.2032 0.2032 0.3048 1.753186232852427 4.524342889164529 0.12569181415637332 0
Cone 0 0 0 -1 -1 -1 -1 0.2032 0.2032 0.3048 -0.39433677976295833 10.927653572959914 0.06700416548252104 0
Cone 0 0 0 -1 -1 -1 -1 0.2032 0.2032 0.3048 1.8020789704226903 2.681890098540911 0.191348598155805 0
Cone 0 0 0 -1 -1 -1 -1 0.2032 0.2032 0.3048 -2.064763638369751 6.5301763162758375 0.1333421938687563 0
Cone 0 0 0 -1 -1 -1 -1 0.2032 0.2032 0.3048 -2.3590354651138306 10.871803976527639 0.09167758223187356 0
