Cone 0 0 0 -1 -1 -1 -1 0.2032 0.2032 0.3048 -13.801935010147604 12.371915533716125 -0.10816117829879125 0
Cone 0 0 0 -1 -1 -1 -1 0.2032 0.2032 0.3048 -14.241358179556128 11.178762305637557 -0.0977026943615505 0
Cone 0 0 0 -1 -1 -1 -1 0.2032 0.2032 0.3048 -9.837750002734374 13.121846273118896 -0.3141491945266724 0
Cone 0 0 0 -1 -1 -1 -1 0.2032 0.2032 0.3048 -2.029556628865039 2.895468215907732 0.12582286049671587 0
Cone 0 0 0 -1 -1 -1 -1 0.2032 0.2032 0.3048 -7.902324212583414 13.08719833152954 -0.3182955976009369 0
Cone 0 0 0 -1 -1 -1 -1 0.2032 0.2032 0.3048 -7.795413559998916 16.903706465735677 -0.44328704433441163 0
Cone 0 0 0 -1 -1 -1 -1 0.2032 0.2032 0.3048 -9.788228418753391 16.938020647805246 -0.43582107580502827 0
Cone 0 0 0 -1 -1 -1 -1 0.2032 0.2032 0.3048 -5.963385753822836 13.021076594367269 -0.31590183533032734 0
Cone 0 0 0 -1 -1 -1 -1 0.2032 0.2032 0.3048 -3.8225075532918296 12.968979273810628 -0.3884068921883901 0
Cone 0 0 0 -1 -1 -1 -1 0.2032 0.2032 0.3048 -5.809386425209554 16.855601861650392 -0.49529678579966235 0
Cone 0 0 0 -1 -1 -1 -1 0.2032 0.2032 0.3048 -1.8592613336038377 10.712328216673244 -0.26423888693385655 0
Cone 0 0 0 -1 -1 -1 -1 0.2032 0.2032 0.3048 -2.723777651448229 12.566131189042968 -0.3481137582672967 0
Cone 0 0 0 -1 -1 -1 -1 0.2032 0.2032 0.3048 -0.5468047961518288 15.728008225137634 -0.5126293297290803 0
Cone 0 0 0 -1 -1 -1 -1 0.2032 0.2032 0.3048 1.3497687369659424 13.452282788927 -0.40830206232070926 0
Cone 0 0 0 -1 -1 -1 -1 0.2032 0.2032 0.3048 1.878178943425129 8.646608267798664 -0.18467711862723035 0
Cone 0 0 0 -1 -1 -1 -1 0.2032 0.2032 0.3048 1.9330501075812903 10.641767062397367 -0.25606975298539186 0
Cone 0 0 0 -1 -1 -1 -1 0.2032 0.2032 0.3048 1.7933878322516759 4.6614734973258205 0.019864339189728093 0
Cone 0 0 0 -1 -1 -1 -1 0.2032 0.2032 0.3048 1.856126335270691 6.643447473222657 -0.06511712031364442 0
Cone 0 0 0 -1 -1 -1 -1 0.2032 0.2032 0.3048 1.7871831139228893 2.7356730375841782 0.1434840020520838 0
Cone 0 0 0 -1 -1 -1 -1 0.2032 0.2032 0.3048 -1.9629600177134199 4.805306921973469 0.009850735894838961 0
Cone 0 0 0 -1 -1 -1 -1 0.2032 0.2032 0.3048 -1.918442210547638 8.80318710106079 -0.18396972136497497 0
Cone 0 0 0 -1 -1 -1 -1 0.2032 0.2032 0.3048 -13.12061915098877 9.037046506578369 -0.005039095449447639 0
