Cone 0 0 0 -1 -1 -1 -1 0.2032 0.2032 0.3048 -11.445922482999675 10.539065594051921 -0.28313785251776374 0
Cone 0 0 0 -1 -1 -1 -1 0.2032 0.2032 0.3048 -13.411205198691134 10.437780348368461 -0.11815265109274121 0
Cone 0 0 0 -1 -1 -1 -1 0.2032 0.2032 0.3048 -9.490963335682604 10.160576213260846 -0.24004494107564292 0
Cone 0 0 0 -1 -1 -1 -1 0.2032 0.2032 0.3048 -5.760994279840767 6.077025616872286 -0.08782364808983274 0
Cone 0 0 0 -1 -1 -1 -1 0.2032 0.2032 0.3048 -7.526050612322998 10.004606321031495 -0.274321329164505 0
Cone 0 0 0 -1 -1 -1 -1 0.2032 0.2032 0.3048 -2.054534106445821 4.610777245536092 -0.05249159243504207 0
Cone 0 0 0 -1 -1 -1 -1 0.2032 0.2032 0.3048 -2.718432253922865 5.513516288242052 -0.06282470580736797 0
Cone 0 0 0 -1 -1 -1 -1 0.2032 0.2032 0.3048 -5.532696494452667 9.858709123308106 -0.33333886967897414 0
Cone 0 0 0 -1 -1 -1 -1 0.2032 0.2032 0.3048 -1.960393908612442 3.7131522740668483 0.036207287070155136 0
Cone 0 0 0 -1 -1 -1 -1 0.2032 0.2032 0.3048 1.8351572126224518 3.4231747550655687 0.029375177447852625 0
Cone 0 0 0 -1 -1 -1 -1 0.2032 0.2032 0.3048 -7.757045321655782 6.215509421204171 -0.04708416940569879 0
Cone 0 0 0 -1 -1 -1 -1 0.2032 0.2032 0.3048 1.469627056195492 5.939289379028455 -0.1426599965174993 0
Cone 0 0 0 -1 -1 -1 -1 0.2032 0.2032 0.3048 -0.5372894923882234 8.577924373891026 -0.2551304500338577 0
Cone 0 0 0 -1 -1 -1 -1 0.2032 0.2032 0.3048 -3.4981936126873014 9.735596317623697 -0.302951568432649 0
