Cone 0 0 0 -1 -1 -1 -1 0.2032 0.2032 0.3048 -15.077684637896729 11.580006292039794 0.07185712946653365 0
Cone 0 0 0 -1 -1 -1 -1 0.2032 0.2032 0.3048 -14.495171480370077 13.49333722847168 -0.026041165806849804 0
Cone 0 0 0 -1 -1 -1 -1 0.2032 0.2032 0.3048 -11.369534664345297 10.472803269400837 -0.00039991320967674646 0
Cone 0 0 0 -1 -1 -1 -1 0.2032 0.2032 0.3048 -10.85007118880005 12.346954419786377 -0.13132170842885973 0
Cone 0 0 0 -1 -1 -1 -1 0.2032 0.2032 0.3048 3.2740697334284463 16.38973132230306 -0.27885295904477436 0
Cone 0 0 0 -1 -1 -1 -1 0.2032 0.2032 0.3048 6.394470678774007 13.559610917741699 -0.15095184700489045 0
Cone 0 0 0 -1 -1 -1 -1 0.2032 0.2032 0.3048 3.716035273678589 5.997495069677276 0.10915874918997286 0
Cone 0 0 0 -1 -1 -1 -1 0.2032 0.2032 0.3048 2.71126955450325 14.575764968568725 -0.2373714368224144 0
Cone 0 0 0 -1 -1 -1 -1 0.2032 0.2032 0.3048 1.5949264220290444 8.592003816937053 -0.045077283522215766 0
Cone 0 0 0 -1 -1 -1 -1 0.2032 0.2032 0.3048 3.3434111999688283 10.272239997560424 -0.09063458612646376 0
Cone 0 0 0 -1 -1 -1 -1 0.2032 0.2032 0.3048 1.8235665049892216 4.402002955053888 0.0882619594686561 0
Cone 0 0 0 -1 -1 -1 -1 0.2032 0.2032 0.3048 3.827668288357544 18.45853956001465 -0.3591641123771668 0
Cone 0 0 0 -1 -1 -1 -1 0.2032 0.2032 0.3048 10.84454837144165 8.444079950029296 0.08880498303174972 0
Cone 0 0 0 -1 -1 -1 -1 0.2032 0.2032 0.3048 7.028121736653137 9.284523322755737 0.007720654328167431 0
Cone 0 0 0 -1 -1 -1 -1 0.2032 0.2032 0.3048 -0.08546031116695403 7.0428485180682365 -0.02936681466102601 0
Cone 0 0 0 -1 -1 -1 -1 0.2032 0.2032 0.3048 3.3124998718574523 12.296163394624633 -0.1682080339074135 0
Cone 0 0 0 -1 -1 -1 -1 0.2032 0.2032 0.3048 2.0321785926893234 2.384441837245865 0.17715434305043373 0
Cone 0 0 0 -1 -1 -1 -1 0.2032 0.2032 0.3048 6.935273634401448 15.442075485561931 -0.19890469269752506 0
Cone 0 0 0 -1 -1 -1 -1 0.2032 0.2032 0.3048 -1.7651006089242085 3.533160468513412 0.10041461319426694 0
Cone 0 0 0 -1 -1 -1 -1 0.2032 0.2032 0.3048 5.269104346181899 7.656715501078455 0.06562636832709495 0
Cone 0 0 0 -1 -1 -1 -1 0.2032 0.2032 0.3048 7.029154303677368 11.30750673072998 -0.08493516104221345 0
Cone 0 0 0 -1 -1 -1 -1 0.2032 0.2032 0.3048 -1.7680834412500381 5.554661109620971 -0.006892859506607063 0
Cone 0 0 0 -1 -1 -1 -1 0.2032 0.2032 0.3048 -10.277110955111693 14.235645590796711 -0.112757559188207 0
