Cone 0 0 0 -1 -1 -1 -1 0.2032 0.2032 0.3048 -2.901342394940567 4.362765505487365 0.020131713208556168 0
Cone 0 0 0 -1 -1 -1 -1 0.2032 0.2032 0.3048 -4.371862086646271 8.061651105259502 -0.1834294121146202 0
Cone 0 0 0 -1 -1 -1 -1 0.2032 0.2032 0.3048 -6.571805013212077 13.684067482327068 -0.4618299301147461 0
Cone 0 0 0 -1 -1 -1 -1 0.2032 0.2032 0.3048 -5.85175396302592 11.844121689175212 -0.37646276709238685 0
Cone 0 0 0 -1 -1 -1 -1 0.2032 0.2032 0.3048 -2.9709052214945473 15.03156030433838 -0.4940349614302318 0
Cone 0 0 0 -1 -1 -1 -1 0.2032 0.2032 0.3048 -3.672243906848144 16.887058694536137 -0.6224145277023316 0
Cone 0 0 0 -1 -1 -1 -1 0.2032 0.2032 0.3048 -2.2557843714878083 13.143246764515482 -0.4136968295454979 0
Cone 0 0 0 -1 -1 -1 -1 0.2032 0.2032 0.3048 -0.8165691400875386 9.420202784161566 -0.22758439170886308 0
Cone 0 0 0 -1 -1 -1 -1 0.2032 0.2032 0.3048 -1.5533528139119468 11.282442156382377 -0.3219009540822771 0
Cone 0 0 0 -1 -1 -1 -1 0.2032 0.2032 0.3048 0.6506091376220068 5.687990726273565 -0.029098623727427594 0
Cone 0 0 0 -1 -1 -1 -1 0.2032 0.2032 0.3048 -2.182430555084525 2.5577494696524177 0.134615462081631 0
Cone 0 0 0 -1 -1 -1 -1 0.2032 0.2032 0.3048 1.3698487907722474 3.8846642460173793 0.06876128824502228 0
Cone 0 0 0 -1 -1 -1 -1 0.2032 0.2032 0.3048 3.2615668805096374 3.5839504830104305 0.569208966072479 0
Cone 0 0 0 -1 -1 -1 -1 0.2032 0.2032 0.3048 -3.63498214184494 6.189048960382385 -0.09506248639822007 0
Cone 0 0 0 -1 -1 -1 -1 0.2032 0.2032 0.3048 -5.145021870544249 9.974900469062401 -0.2886506745232476 0
Cone 0 0 0 -1 -1 -1 -1 0.2032 0.2032 0.3048 2.1139798432662964 2.050649813057293 0.20237378870728942 0
