Cone 0 0 0 -1 -1 -1 -1 0.2032 0.2032 0.3048 -12.354733215099419 10.080650244727376 -0.06368343820306992 0
Cone 0 0 0 -1 -1 -1 -1 0.2032 0.2032 0.3048 -10.350512771797689 10.140728039120278 -0.0719481801668803 0
Cone 0 0 0 -1 -1 -1 -1 0.2032 0.2032 0.3048 -6.237327216203381 6.435749187075311 0.07739309328283582 0
Cone 0 0 0 -1 -1 -1 -1 0.2032 0.2032 0.3048 -8.332146021716309 10.196633267311231 -0.0503138696829478 0
Cone 0 0 0 -1 -1 -1 -1 0.2032 0.2032 0.3048 -2.0371509402915953 4.054217829877777 0.12891788618713615 0
Cone 0 0 0 -1 -1 -1 -1 0.2032 0.2032 0.3048 -4.329826937442864 10.291549915646158 0.023480151112212067 0
Cone 0 0 0 -1 -1 -1 -1 0.2032 0.2032 0.3048 -8.180994568062337 6.3681935478991685 0.05350851909849379 0
Cone 0 0 0 -1 -1 -1 -1 0.2032 0.2032 0.3048 -1.6894603343616759 13.32959935262409 0.018517046342861068 0
Cone 0 0 0 -1 -1 -1 -1 0.2032 0.2032 0.3048 -2.0622118045811972 6.048813576077067 0.057931383879979446 0
Cone 0 0 0 -1 -1 -1 -1 0.2032 0.2032 0.3048 -0.37657238521002356 10.4589496570006 0.024047110924976203 0
Cone 0 0 0 -1 -1 -1 -1 0.2032 0.2032 0.3048 1.6496299791591067 10.41290694839314 0.024458230648257508 0
Cone 0 0 0 -1 -1 -1 -1 0.2032 0.2032 0.3048 -4.232211920611572 6.522960736925049 0.06526527845064799 0
Cone 0 0 0 -1 -1 -1 -1 0.2032 0.2032 0.3048 1.7080299824550629 6.050298168832702 0.08063004208803176 0
Cone 0 0 0 -1 -1 -1 -1 0.2032 0.2032 0.3048 3.6560925513580322 13.579616461768392 -0.19406750010252 0
Cone 0 0 0 -1 -1 -1 -1 0.2032 0.2032 0.3048 -2.35407610832901 10.38594296234314 0.0284107942700386 0
