Cone 0 0 0 -1 -1 -1 -1 0.2032 0.2032 0.3048 -13.641212794177246 9.320627405816955 0.037704758775234215 0
Cone 0 0 0 -1 -1 -1 -1 0.2032 0.2032 0.3048 -11.8083606690094 10.154465034181518 0.009383447897434229 0
Cone 0 0 0 -1 -1 -1 -1 0.2032 0.2032 0.3048 -12.7991288102261 10.000660440565456 -0.011312756672170436 0
Cone 0 0 0 -1 -1 -1 -1 0.2032 0.2032 0.3048 -14.43920767273424 13.435681841017116 -0.08079952786498601 0
Cone 0 0 0 -1 -1 -1 -1 0.2032 0.2032 0.3048 -11.544353884025355 13.9497446664774 -0.1495218485559736 0
Cone 0 0 0 -1 -1 -1 -1 0.2032 0.2032 0.3048 -7.704713365428161 9.960968187028808 -0.11737051662604014 0
Cone 0 0 0 -1 -1 -1 -1 0.2032 0.2032 0.3048 -5.747847023598862 9.875783100301666 -0.11784676605761053 0
Cone 0 0 0 -1 -1 -1 -1 0.2032 0.2032 0.3048 -9.560731821251425 13.833065160024143 -0.18695983827246562 0
Cone 0 0 0 -1 -1 -1 -1 0.2032 0.2032 0.3048 -1.815155684609392 3.644715882770008 0.0606226957304137 0
Cone 0 0 0 -1 -1 -1 -1 0.2032 0.2032 0.3048 -7.56526601611824 13.799900009805604 -0.21791133986711503 0
Cone 0 0 0 -1 -1 -1 -1 0.2032 0.2032 0.3048 -5.568504187457275 13.717207029039306 -0.1917043820699056 0
Cone 0 0 0 -1 -1 -1 -1 0.2032 0.2032 0.3048 -3.6221176912312822 9.809212395410096 -0.13550499748275396 0
Cone 0 0 0 -1 -1 -1 -1 0.2032 0.2032 0.3048 -1.7649700691228234 5.635955058112385 -0.03380459106763205 0
Cone 0 0 0 -1 -1 -1 -1 0.2032 0.2032 0.3048 -2.5187868633366173 9.393897955666814 -0.10988111348984735 0
Cone 0 0 0 -1 -1 -1 -1 0.2032 0.2032 0.3048 -1.7230715185329437 7.55488426941101 -0.1236954178094864 0
Cone 0 0 0 -1 -1 -1 -1 0.2032 0.2032 0.3048 1.5608209507407294 10.174011145606283 -0.1893493893093533 0
Cone 0 0 0 -1 -1 -1 -1 0.2032 0.2032 0.3048 1.999063757069397 5.417469655051472 -0.008646308946609504 0
Cone 0 0 0 -1 -1 -1 -1 0.2032 0.2032 0.3048 2.060645289229838 7.375542714769288 -0.11467721021970113 0
Cone 0 0 0 -1 -1 -1 -1 0.2032 0.2032 0.3048 1.9891357382212957 3.494150297417882 0.10966736301233371 0
Cone 0 0 0 -1 -1 -1 -1 0.2032 0.2032 0.3048 -9.656972500674438 10.041041050925497 -0.08337149353623391 0
Cone 0 0 0 -1 -1 -1 -1 0.2032 0.2032 0.3048 -1.8943460166379928 8.599308415824813 -0.09708737849493825 0
Cone 0 0 0 -1 -1 -1 -1 0.2032 0.2032 0.3048 -3.551492246977997 13.649599308346353 -0.20528201964298887 0
