Cone 0 0 0 -1 -1 -1 -1 0.2032 0.2032 0.3048 -13.096103108915203 10.201503287329915 0.2501142808181544 0
Cone 0 0 0 -1 -1 -1 -1 0.2032 0.2032 0.3048 -10.132253262393188 11.608645274812622 0.12704344509243964 0
Cone 0 0 0 -1 -1 -1 -1 0.2032 0.2032 0.3048 -5.313293390465291 14.235642507249755 -0.08776455081303916 0
Cone 0 0 0 -1 -1 -1 -1 0.2032 0.2032 0.3048 -10.998015162341309 15.784611362789711 0.0567908683737119 0
Cone 0 0 0 -1 -1 -1 -1 0.2032 0.2032 0.3048 -3.3908290197377524 13.747424994483236 -0.061040311622619636 0
Cone 0 0 0 -1 -1 -1 -1 0.2032 0.2032 0.3048 -6.286389701557668 10.54855242826009 0.03716700939536094 0
Cone 0 0 0 -1 -1 -1 -1 0.2032 0.2032 0.3048 -1.0714317440912247 6.964324011976165 0.13029567008912563 0
Cone 0 0 0 -1 -1 -1 -1 0.2032 0.2032 0.3048 -1.4489416240152266 13.215156856324347 -0.09289735725607191 0
Cone 0 0 0 -1 -1 -1 -1 0.2032 0.2032 0.3048 -12.576907758904012 12.10456351694926 0.1621757455581178 0
Cone 0 0 0 -1 -1 -1 -1 0.2032 0.2032 0.3048 2.60051248031747 5.94748429486049 0.0938620656762804 0
Cone 0 0 0 -1 -1 -1 -1 0.2032 0.2032 0.3048 -1.590176841609192 4.926925113374633 0.12903003474771974 0
Cone 0 0 0 -1 -1 -1 -1 0.2032 0.2032 0.3048 -4.369080407015991 10.033769471818847 0.015107040089368811 0
Cone 0 0 0 -1 -1 -1 -1 0.2032 0.2032 0.3048 -12.017245350983538 12.128847741232388 0.13605991168554338 0
Cone 0 0 0 -1 -1 -1 -1 0.2032 0.2032 0.3048 -1.5078359574005127 8.830100133592529 -0.024531125593185432 0
Cone 0 0 0 -1 -1 -1 -1 0.2032 0.2032 0.3048 -0.9914085000679016 7.876233890230102 0.06159059001207351 0
Cone 0 0 0 -1 -1 -1 -1 0.2032 0.2032 0.3048 -9.040513687325033 15.235667700146282 0.05861833486159642 0
Cone 0 0 0 -1 -1 -1 -1 0.2032 0.2032 0.3048 -2.1009036042218527 3.0552896493421424 0.15418230629290144 0
Cone 0 0 0 -1 -1 -1 -1 0.2032 0.2032 0.3048 1.5934696378881614 2.1026939466095396 0.17957311587924102 0
Cone 0 0 0 -1 -1 -1 -1 0.2032 0.2032 0.3048 2.092446001614713 3.9965216198642812 0.1765255940018192 0
Cone 0 0 0 -1 -1 -1 -1 0.2032 0.2032 0.3048 2.7549090274028636 8.555458727497944 -0.023808436494403427 0
Cone 0 0 0 -1 -1 -1 -1 0.2032 0.2032 0.3048 1.3005828231647492 11.548906678532205 -0.0987352923234304 0
Cone 0 0 0 -1 -1 -1 -1 0.2032 0.2032 0.3048 -8.197086307398987 11.064332042708637 0.05186302493711312 0
Cone 0 0 0 -1 -1 -1 -1 0.2032 0.2032 0.3048 -2.4100770744465057 9.511534061037715 0.02420482738727614 0
Cone 0 0 0 -1 -1 -1 -1 0.2032 0.2032 0.3048 -7.244368359439087 14.767750575715942 -0.04571603642702103 0
