Cone 0 0 0 -1 -1 -1 -1 0.2032 0.2032 0.3048 -12.683116017487444 11.800366748233992 0.1169485847898892 0
Cone 0 0 0 -1 -1 -1 -1 0.2032 0.2032 0.3048 1.6644436289941151 5.780529612873637 0.043333074507117264 0
Cone 0 0 0 -1 -1 -1 -1 0.2032 0.2032 0.3048 -2.1542588557283753 9.787128350378383 -0.03841930709083876 0
Cone 0 0 0 -1 -1 -1 -1 0.2032 0.2032 0.3048 -2.1529415577575683 13.83671839492981 -0.1421444821536541 0
Cone 0 0 0 -1 -1 -1 -1 0.2032 0.2032 0.3048 1.6618794073735554 13.765021318768108 -0.14372918463548026 0
Cone 0 0 0 -1 -1 -1 -1 0.2032 0.2032 0.3048 1.6876906226153057 7.780301644975586 0.03620803399085998 0
Cone 0 0 0 -1 -1 -1 -1 0.2032 0.2032 0.3048 -2.096722218386841 5.869588091546936 0.07600924043059348 0
Cone 0 0 0 -1 -1 -1 -1 0.2032 0.2032 0.3048 1.6622185342916065 9.766176835604485 -0.02109835816886691 0
Cone 0 0 0 -1 -1 -1 -1 0.2032 0.2032 0.3048 1.7230307898425512 3.8230758397384057 0.08113374763642038 0
Cone 0 0 0 -1 -1 -1 -1 0.2032 0.2032 0.3048 1.6843021224016828 11.78662401296163 -0.09277270145018898 0
Cone 0 0 0 -1 -1 -1 -1 0.2032 0.2032 0.3048 -3.030711838595581 17.57277467506592 -0.2241207356929779 0
Cone 0 0 0 -1 -1 -1 -1 0.2032 0.2032 0.3048 -8.246082000923664 17.925197707190758 -0.15291743036905925 0
Cone 0 0 0 -1 -1 -1 -1 0.2032 0.2032 0.3048 -2.092703665288798 3.8042287852114867 0.07070056888659793 0
Cone 0 0 0 -1 -1 -1 -1 0.2032 0.2032 0.3048 -2.373456332080078 16.64983995216553 -0.18864618695576985 0
Cone 0 0 0 -1 -1 -1 -1 0.2032 0.2032 0.3048 -2.1331451386138913 11.800993389462077 -0.10651653995249007 0
Cone 0 0 0 -1 -1 -1 -1 0.2032 0.2032 0.3048 1.6535455190547517 15.757909213080648 -0.22137180093394385 0
Cone 0 0 0 -1 -1 -1 -1 0.2032 0.2032 0.3048 -2.156118604533386 15.744428708726806 -0.17097431875069935 0
Cone 0 0 0 -1 -1 -1 -1 0.2032 0.2032 0.3048 1.0263073712661743 18.516775364254556 -0.2725153859138489 0
Cone 0 0 0 -1 -1 -1 -1 0.2032 0.2032 0.3048 -2.1036902159378053 7.841681220704956 0.01992397798299789 0
Cone 0 0 0 -1 -1 -1 -1 0.2032 0.2032 0.3048 -6.314499470584106 17.936795785600587 -0.15910249905586243 0
