Cone 0 0 0 -1 -1 -1 -1 0.2032 0.2032 0.3048 -10.130080553881836 9.074455812150878 0.0847304616689682 0
Cone 0 0 0 -1 -1 -1 -1 0.2032 0.2032 0.3048 -8.242067667834473 8.617568129871927 0.0068131503283977435 0
Cone 0 0 0 -1 -1 -1 -1 0.2032 0.2032 0.3048 -3.241173021984609 3.470961724295857 0.09344794395764666 0
Cone 0 0 0 -1 -1 -1 -1 0.2032 0.2032 0.3048 -1.81509641772427 2.0036771707150436 0.09401925158037079 0
Cone 0 0 0 -1 -1 -1 -1 0.2032 0.2032 0.3048 -6.277279355572718 8.13130450341928 -0.020681429563869137 0
Cone 0 0 0 -1 -1 -1 -1 0.2032 0.2032 0.3048 -2.2685378149077415 2.868320423687143 0.13221674975392717 0
Cone 0 0 0 -1 -1 -1 -1 0.2032 0.2032 0.3048 -4.354427693422009 7.6514754014387725 -0.002220626810618817 0
Cone 0 0 0 -1 -1 -1 -1 0.2032 0.2032 0.3048 1.9264077454879762 2.820167257297016 0.10360703047646413 0
Cone 0 0 0 -1 -1 -1 -1 0.2032 0.2032 0.3048 0.5299335584118843 5.394900801355285 -0.004294909107685095 0
Cone 0 0 0 -1 -1 -1 -1 0.2032 0.2032 0.3048 -13.109989497058105 9.224405839616699 0.08816212458610534 0
