Cone 0 0 0 -1 -1 -1 -1 0.2032 0.2032 0.3048 -15.067695423953246 12.222919585878294 -0.1453594158768654 0
Cone 0 0 0 -1 -1 -1 -1 0.2032 0.2032 0.3048 -15.001732441775513 11.225929811174316 -0.18714716987609864 0
Cone 0 0 0 -1 -1 -1 -1 0.2032 0.2032 0.3048 -13.844563814990234 14.199175749793294 -0.22240119632879896 0
Cone 0 0 0 -1 -1 -1 -1 0.2032 0.2032 0.3048 -13.6394526292806 12.520840877865398 -0.313881267674764 0
Cone 0 0 0 -1 -1 -1 -1 0.2032 0.2032 0.3048 -2.00891172984492 2.139215042764587 0.08672052366733549 0
Cone 0 0 0 -1 -1 -1 -1 0.2032 0.2032 0.3048 -2.0343851194704694 4.098922558799031 0.003413309784730269 0
Cone 0 0 0 -1 -1 -1 -1 0.2032 0.2032 0.3048 1.7669113665893554 15.993897226030272 -0.5785859759330749 0
Cone 0 0 0 -1 -1 -1 -1 0.2032 0.2032 0.3048 1.5857556684261866 2.84734576623532 -0.07426146549781168 0
Cone 0 0 0 -1 -1 -1 -1 0.2032 0.2032 0.3048 1.7194813837682088 10.013869661663614 -0.283654415178299 0
Cone 0 0 0 -1 -1 -1 -1 0.2032 0.2032 0.3048 -2.072307009207008 12.100444504479922 -0.35896165980838596 0
Cone 0 0 0 -1 -1 -1 -1 0.2032 0.2032 0.3048 4.529914419194879 3.6429551388568115 -0.0909900859673818 0
Cone 0 0 0 -1 -1 -1 -1 0.2032 0.2032 0.3048 1.737202242024231 12.002146593638239 -0.37788860291375054 0
Cone 0 0 0 -1 -1 -1 -1 0.2032 0.2032 0.3048 3.2387868434265137 2.8376131003843184 -0.037529160149892174 0
Cone 0 0 0 -1 -1 -1 -1 0.2032 0.2032 0.3048 1.7345489531829834 6.017510154420775 -0.07969795720577241 0
Cone 0 0 0 -1 -1 -1 -1 0.2032 0.2032 0.3048 1.7360471467251457 8.027598018025003 -0.1869278957767146 0
Cone 0 0 0 -1 -1 -1 -1 0.2032 0.2032 0.3048 -2.05693368083157 16.069200695794134 -0.5656906527625192 0
Cone 0 0 0 -1 -1 -1 -1 0.2032 0.2032 0.3048 1.977491188837292 3.9498014112345508 -0.07242437076547321 0
Cone 0 0 0 -1 -1 -1 -1 0.2032 0.2032 0.3048 10.628872349865723 8.61431539314453 -0.31676784114837647 0
Cone 0 0 0 -1 -1 -1 -1 0.2032 0.2032 0.3048 1.7438773870542525 14.00187163608734 -0.4734779249310494 0
Cone 0 0 0 -1 -1 -1 -1 0.2032 0.2032 0.3048 -2.0641932275958834 10.09502266163237 -0.2837725137873302 0
Cone 0 0 0 -1 -1 -1 -1 0.2032 0.2032 0.3048 1.7454625239049275 20.01664439298177 -0.8069832618713381 0
Cone 0 0 0 -1 -1 -1 -1 0.2032 0.2032 0.3048 -2.0681323425562965 8.044675950117883 -0.167486277538538 0
Cone 0 0 0 -1 -1 -1 -1 0.2032 0.2032 0.3048 -2.0699833363220215 18.110635831529542 -0.6931555266857148 0
Cone 0 0 0 -1 -1 -1 -1 0.2032 0.2032 0.3048 -2.0468129545375824 6.033343448812408 -0.08530277343392373 0
Cone 0 0 0 -1 -1 -1 -1 0.2032 0.2032 0.3048 1.7508990635548909 18.0373728221403 -0.6962585941632589 0
Cone 0 0 0 -1 -1 -1 -1 0.2032 0.2032 0.3048 1.7670152946955273 2.0989628405262315 0.1525112829544864 0
Cone 0 0 0 -1 -1 -1 -1 0.2032 0.2032 0.3048 -2.0688368608479815 14.060203403805339 -0.453058955637614 0
Cone 0 0 0 -1 -1 -1 -1 0.2032 0.2032 0.3048 -2.049899511528524 20.00307932950521 -0.7864254609425864 0
Cone 0 0 0 -1 -1 -1 -1 0.2032 0.2032 0.3048 2.676244775792779 4.603790127698114 -0.1724009410222372 0
