Cone 0 0 0 -1 -1 -1 -1 0.2032 0.2032 0.3048 -15.832139028104654 11.91689991412028 -0.016663784352938343 0
Cone 0 0 0 -1 -1 -1 -1 0.2032 0.2032 0.3048 -13.938958419355265 12.565075074210409 -0.06501844730774563 0
Cone 0 0 0 -1 -1 -1 -1 0.2032 0.2032 0.3048 -10.772058817736816 9.64766279317403 -0.022219216642777134 0
Cone 0 0 0 -1 -1 -1 -1 0.2032 0.2032 0.3048 -12.078875793012491 13.27436144607727 -0.05315281159480414 0
Cone 0 0 0 -1 -1 -1 -1 0.2032 0.2032 0.3048 -10.208304736010742 13.931262090379638 -0.012689664530754097 0
Cone 0 0 0 -1 -1 -1 -1 0.2032 0.2032 0.3048 -8.925237456618925 10.307131073118557 0.0018169346107376864 0
Cone 0 0 0 -1 -1 -1 -1 0.2032 0.2032 0.3048 -8.278228843315068 14.580076380037797 0.0017916520312980268 0
Cone 0 0 0 -1 -1 -1 -1 0.2032 0.2032 0.3048 -7.003722998492432 10.95813019531433 0.0005723354041576312 0
Cone 0 0 0 -1 -1 -1 -1 0.2032 0.2032 0.3048 -2.875220894474962 5.496341567477891 -0.012996101943651842 0
Cone 0 0 0 -1 -1 -1 -1 0.2032 0.2032 0.3048 -3.54832604162479 7.412504980207791 2.1080605188997238e-05 0
Cone 0 0 0 -1 -1 -1 -1 0.2032 0.2032 0.3048 -2.2321959958399455 3.6782804880287676 0.07769580516417819 0
Cone 0 0 0 -1 -1 -1 -1 0.2032 0.2032 0.3048 -4.204724920781962 9.31574764166879 -0.0029956915869599455 0
Cone 0 0 0 -1 -1 -1 -1 0.2032 0.2032 0.3048 -6.422200676791382 15.250117185289305 -0.06892096506357194 0
Cone 0 0 0 -1 -1 -1 -1 0.2032 0.2032 0.3048 -4.813667052778117 11.154651258165282 -0.029657980867226923 0
Cone 0 0 0 -1 -1 -1 -1 0.2032 0.2032 0.3048 -4.532823496056112 15.924668386156005 -0.08621167497634888 0
Cone 0 0 0 -1 -1 -1 -1 0.2032 0.2032 0.3048 -2.5870661785130817 16.50591399925415 -0.09798534568945569 0
Cone 0 0 0 -1 -1 -1 -1 0.2032 0.2032 0.3048 -0.5378589525034859 10.44867158532462 -0.04257139839955739 0
Cone 0 0 0 -1 -1 -1 -1 0.2032 0.2032 0.3048 -1.1921583609374151 12.346071635260824 -0.06316215584807927 0
Cone 0 0 0 -1 -1 -1 -1 0.2032 0.2032 0.3048 0.05826020114893557 8.640597046654731 -0.0319924151579539 0
Cone 0 0 0 -1 -1 -1 -1 0.2032 0.2032 0.3048 0.6968752811426798 6.748755105245089 -0.03247718966801962 0
Cone 0 0 0 -1 -1 -1 -1 0.2032 0.2032 0.3048 1.367156433073171 4.917710080320282 0.08860033296744028 0
Cone 0 0 0 -1 -1 -1 -1 0.2032 0.2032 0.3048 -5.155342432849121 11.620743587190551 -0.023886870784560844 0
Cone 0 0 0 -1 -1 -1 -1 0.2032 0.2032 0.3048 2.056329521260434 3.0461095773070346 0.09683302336136498 0
