Cone 0 0 0 -1 -1 -1 -1 0.2032 0.2032 0.3048 -15.936313483111572 10.237595155412597 0.19933080343604087 0
Cone 0 0 0 -1 -1 -1 -1 0.2032 0.2032 0.3048 -9.862482999357098 8.63120919324422 0.17142004026174545 0
Cone 0 0 0 -1 -1 -1 -1 0.2032 0.2032 0.3048 -11.933368822924805 9.672945001298828 0.15071957750320436 0
Cone 0 0 0 -1 -1 -1 -1 0.2032 0.2032 0.3048 -14.011992573399523 10.84223007616862 0.13756636076370873 0
Cone 0 0 0 -1 -1 -1 -1 0.2032 0.2032 0.3048 -7.7865007648791 7.299172694061839 0.1459132580031951 0
Cone 0 0 0 -1 -1 -1 -1 0.2032 0.2032 0.3048 -5.871085686477533 8.028736486608429 0.06511831792145967 0
Cone 0 0 0 -1 -1 -1 -1 0.2032 0.2032 0.3048 -3.7102342178349814 5.315993621522826 0.10363331852555274 0
Cone 0 0 0 -1 -1 -1 -1 0.2032 0.2032 0.3048 -1.8159211009666443 4.099028363401335 0.0627869435753141 0
Cone 0 0 0 -1 -1 -1 -1 0.2032 0.2032 0.3048 -2.510497606786601 4.916371348077697 0.040077391199270875 0
Cone 0 0 0 -1 -1 -1 -1 0.2032 0.2032 0.3048 -1.6466989637765976 3.156633497706836 0.0983860147264032 0
Cone 0 0 0 -1 -1 -1 -1 0.2032 0.2032 0.3048 -3.930672517695254 9.121247282996418 -0.004850525568780452 0
Cone 0 0 0 -1 -1 -1 -1 0.2032 0.2032 0.3048 1.5027856499031067 5.834008608832601 0.007395784489313754 0
Cone 0 0 0 -1 -1 -1 -1 0.2032 0.2032 0.3048 2.1784740100378674 3.1015979746063316 0.12155685711933506 0
