Cone 0 0 0 -1 -1 -1 -1 0.2032 0.2032 0.3048 -9.715334460131835 7.438094499284667 0.08258570475578307 0
Cone 0 0 0 -1 -1 -1 -1 0.2032 0.2032 0.3048 -7.670767800269344 6.021044139435451 0.09894187968742277 0
Cone 0 0 0 -1 -1 -1 -1 0.2032 0.2032 0.3048 -3.624168178431702 3.9547327464567053 0.13777080742716788 0
Cone 0 0 0 -1 -1 -1 -1 0.2032 0.2032 0.3048 -2.4467711538002015 3.5417301382369226 0.09686996619602042 0
Cone 0 0 0 -1 -1 -1 -1 0.2032 0.2032 0.3048 -1.7950902449158803 2.7247091980239464 0.114946467787595 0
Cone 0 0 0 -1 -1 -1 -1 0.2032 0.2032 0.3048 -5.721237678983985 6.723545632006037 0.04567575601107544 0
Cone 0 0 0 -1 -1 -1 -1 0.2032 0.2032 0.3048 -3.754884527450646 7.7485937356034675 0.03200689953102005 0
Cone 0 0 0 -1 -1 -1 -1 0.2032 0.2032 0.3048 1.5948472350910188 4.374297379031422 0.06425207163592177 0
Cone 0 0 0 -1 -1 -1 -1 0.2032 0.2032 0.3048 -0.39504941105098723 6.734585955316467 0.05103766216039657 0
Cone 0 0 0 -1 -1 -1 -1 0.2032 0.2032 0.3048 12.975156930096436 7.44012752629781 -0.04239128238757452 0
Cone 0 0 0 -1 -1 -1 -1 0.2032 0.2032 0.3048 -2.3303374975845337 13.353893354112548 -0.11732026891708375 0
