Cone 0 0 0 -1 -1 -1 -1 0.2032 0.2032 0.3048 -13.271417948596191 9.194698884660644 0.013971483143170668 0
Cone 0 0 0 -1 -1 -1 -1 0.2032 0.2032 0.3048 -14.08543513846978 12.523175949429119 -0.13190266281498805 0
Cone 0 0 0 -1 -1 -1 -1 0.2032 0.2032 0.3048 -14.480122070503741 11.3232908353951 -0.09171597020626068 0
Cone 0 0 0 -1 -1 -1 -1 0.2032 0.2032 0.3048 -12.253842875354003 13.369424417192382 -0.27016260581016543 0
Cone 0 0 0 -1 -1 -1 -1 0.2032 0.2032 0.3048 -13.262055330467733 13.189412652030233 -0.25157320853869125 0
Cone 0 0 0 -1 -1 -1 -1 0.2032 0.2032 0.3048 -10.118659429741415 13.357304885560913 -0.3334260181268056 0
Cone 0 0 0 -1 -1 -1 -1 0.2032 0.2032 0.3048 -10.192896458499145 17.17593915718262 -0.4530645828127861 0
Cone 0 0 0 -1 -1 -1 -1 0.2032 0.2032 0.3048 -8.188467165820313 13.34856536644165 -0.3317992265701294 0
Cone 0 0 0 -1 -1 -1 -1 0.2032 0.2032 0.3048 -2.073267832390976 3.296622177535934 0.08414869090616701 0
Cone 0 0 0 -1 -1 -1 -1 0.2032 0.2032 0.3048 -2.0702937374437966 5.216892892693124 -0.04316472964286805 0
Cone 0 0 0 -1 -1 -1 -1 0.2032 0.2032 0.3048 -2.0359771579429626 7.165192201311035 -0.11442591952085496 0
Cone 0 0 0 -1 -1 -1 -1 0.2032 0.2032 0.3048 -2.096406742922974 11.137006070787352 -0.30565163251558947 0
Cone 0 0 0 -1 -1 -1 -1 0.2032 0.2032 0.3048 -0.8989777992094675 16.190611118649088 -0.5345163142363231 0
Cone 0 0 0 -1 -1 -1 -1 0.2032 0.2032 0.3048 1.703802000490316 11.169849215522053 -0.3044406489213308 0
Cone 0 0 0 -1 -1 -1 -1 0.2032 0.2032 0.3048 1.0610948671971638 13.960162395809732 -0.44405012783209485 0
Cone 0 0 0 -1 -1 -1 -1 0.2032 0.2032 0.3048 1.719587511825053 7.1620226647204595 -0.10651132421493531 0
Cone 0 0 0 -1 -1 -1 -1 0.2032 0.2032 0.3048 -2.0908955623631797 9.214988003745322 -0.2133271381934484 0
Cone 0 0 0 -1 -1 -1 -1 0.2032 0.2032 0.3048 1.697090458325478 9.156602562706977 -0.2108256658041919 0
Cone 0 0 0 -1 -1 -1 -1 0.2032 0.2032 0.3048 1.7127637734090169 5.176186556194864 -0.0275052111029625 0
Cone 0 0 0 -1 -1 -1 -1 0.2032 0.2032 0.3048 1.7488621562793734 3.267452712762332 0.12372105694346953 0
Cone 0 0 0 -1 -1 -1 -1 0.2032 0.2032 0.3048 -6.211804625384522 17.19875180977051 -0.5303115780830383 0
Cone 0 0 0 -1 -1 -1 -1 0.2032 0.2032 0.3048 -2.9785583048984527 12.952272966081543 -0.38977947043180466 0
