Cone 0 0 0 -1 -1 -1 -1 0.2032 0.2032 0.3048 -14.040012349819511 10.832393039127547 0.14189570450032393 0
Cone 0 0 0 -1 -1 -1 -1 0.2032 0.2032 0.3048 -13.184783757718915 12.870278845801595 0.07826303981939951 0
Cone 0 0 0 -1 -1 -1 -1 0.2032 0.2032 0.3048 -13.71822798218248 12.77583203836412 0.08484360866943995 0
Cone 0 0 0 -1 -1 -1 -1 0.2032 0.2032 0.3048 -11.23536492684733 12.501520707780761 -0.0011511925041675641 0
Cone 0 0 0 -1 -1 -1 -1 0.2032 0.2032 0.3048 -10.476970431201172 16.244785541866865 -0.10408673839569094 0
Cone 0 0 0 -1 -1 -1 -1 0.2032 0.2032 0.3048 -9.25520634352417 12.147698444698891 -0.03132683790524801 0
Cone 0 0 0 -1 -1 -1 -1 0.2032 0.2032 0.3048 -1.5542546804598016 2.5677292109093313 0.1374429004856098 0
Cone 0 0 0 -1 -1 -1 -1 0.2032 0.2032 0.3048 -2.450600994619242 4.693645710323892 0.10382835858265556 0
Cone 0 0 0 -1 -1 -1 -1 0.2032 0.2032 0.3048 -6.673811170451355 15.605528190309448 -0.1791451196551323 0
Cone 0 0 0 -1 -1 -1 -1 0.2032 0.2032 0.3048 -5.335450240962219 11.478395059282226 -0.08692826883792878 0
Cone 0 0 0 -1 -1 -1 -1 0.2032 0.2032 0.3048 -8.62611493765564 15.939657285386962 -0.15711617923577625 0
Cone 0 0 0 -1 -1 -1 -1 0.2032 0.2032 0.3048 -3.3581822736321345 11.144617483259548 -0.08129049364195931 0
Cone 0 0 0 -1 -1 -1 -1 0.2032 0.2032 0.3048 1.3051441977495828 4.080299236947936 0.13293575339714686 0
Cone 0 0 0 -1 -1 -1 -1 0.2032 0.2032 0.3048 -2.3424432605430603 10.59966434496109 -0.08978604389280083 0
Cone 0 0 0 -1 -1 -1 -1 0.2032 0.2032 0.3048 0.16720224321632385 13.496352079088133 -0.21498714046478273 0
Cone 0 0 0 -1 -1 -1 -1 0.2032 0.2032 0.3048 -1.764188829652977 8.68737878578369 -0.039499177056550996 0
Cone 0 0 0 -1 -1 -1 -1 0.2032 0.2032 0.3048 -1.7688602026382054 9.599836973767278 -0.06865970716904372 0
Cone 0 0 0 -1 -1 -1 -1 0.2032 0.2032 0.3048 1.959050210182499 7.994325528734615 -0.005084398361804006 0
Cone 0 0 0 -1 -1 -1 -1 0.2032 0.2032 0.3048 -2.1022470921203613 6.6611157999184165 0.059715539646148674 0
Cone 0 0 0 -1 -1 -1 -1 0.2032 0.2032 0.3048 1.9053499194912138 10.586615150602444 -0.11374108294305348 0
Cone 0 0 0 -1 -1 -1 -1 0.2032 0.2032 0.3048 1.6508996953641255 6.021962637280069 0.10667073459128536 0
