Cone 0 0 0 -1 -1 -1 -1 0.2032 0.2032 0.3048 -13.699403259150696 9.669041707689209 0.02292256845235824 0
Cone 0 0 0 -1 -1 -1 -1 0.2032 0.2032 0.3048 -12.860319325320434 10.333857562715453 -0.058371378052234656 0
Cone 0 0 0 -1 -1 -1 -1 0.2032 0.2032 0.3048 -9.729380163542938 10.409889652902526 -0.11723643498420717 0
Cone 0 0 0 -1 -1 -1 -1 0.2032 0.2032 0.3048 -1.8798403780253516 2.084138580734176 0.08287783704565628 0
Cone 0 0 0 -1 -1 -1 -1 0.2032 0.2032 0.3048 -7.787421186426459 10.354873360436468 -0.13542255054050023 0
Cone 0 0 0 -1 -1 -1 -1 0.2032 0.2032 0.3048 -11.64815617898356 14.303663009975992 -0.2256691252867381 0
Cone 0 0 0 -1 -1 -1 -1 0.2032 0.2032 0.3048 -9.689095668983969 14.219976308519287 -0.2624829884052277 0
Cone 0 0 0 -1 -1 -1 -1 0.2032 0.2032 0.3048 -1.8200867776995022 4.070455873583399 0.01270610695779323 0
Cone 0 0 0 -1 -1 -1 -1 0.2032 0.2032 0.3048 -5.865522688950942 10.288139682254505 -0.16210396048227946 0
Cone 0 0 0 -1 -1 -1 -1 0.2032 0.2032 0.3048 -5.689743611209106 14.106524621024372 -0.2612305229584376 0
Cone 0 0 0 -1 -1 -1 -1 0.2032 0.2032 0.3048 -2.611175879828644 9.809939601594849 -0.15905453817844392 0
Cone 0 0 0 -1 -1 -1 -1 0.2032 0.2032 0.3048 -1.8067925105417886 6.062436972632649 -0.06171789225737254 0
Cone 0 0 0 -1 -1 -1 -1 0.2032 0.2032 0.3048 -3.665534678094101 14.071229651147766 -0.2786253909945488 0
Cone 0 0 0 -1 -1 -1 -1 0.2032 0.2032 0.3048 -1.7941454132323582 8.025213678255321 -0.13103403511693082 0
Cone 0 0 0 -1 -1 -1 -1 0.2032 0.2032 0.3048 -11.873605303955587 10.483156318043314 -0.05393599924246471 0
Cone 0 0 0 -1 -1 -1 -1 0.2032 0.2032 0.3048 -0.4692252407396952 12.994454934770507 -0.2534786458492279 0
Cone 0 0 0 -1 -1 -1 -1 0.2032 0.2032 0.3048 1.4579569700765822 10.670260344519857 -0.21735580719312034 0
Cone 0 0 0 -1 -1 -1 -1 0.2032 0.2032 0.3048 2.01176913778731 7.917237296277923 -0.09045670014421146 0
Cone 0 0 0 -1 -1 -1 -1 0.2032 0.2032 0.3048 1.9579843732647124 3.9733348077283726 0.0838992710658482 0
Cone 0 0 0 -1 -1 -1 -1 0.2032 0.2032 0.3048 1.9709368417734783 5.899199400916341 -0.016145844825108852 0
Cone 0 0 0 -1 -1 -1 -1 0.2032 0.2032 0.3048 -1.947462531916809 9.002504542047424 -0.16910418080091477 0
Cone 0 0 0 -1 -1 -1 -1 0.2032 0.2032 0.3048 -3.6930135144526406 10.206710791117969 -0.15826460960024882 0
Cone 0 0 0 -1 -1 -1 -1 0.2032 0.2032 0.3048 -7.688669026883951 14.179342057878417 -0.24439546422958375 0
Cone 0 0 0 -1 -1 -1 -1 0.2032 0.2032 0.3048 1.895353599893538 1.9605428621914416 0.21194951015288632 0
