Cone 0 0 0 -1 -1 -1 -1 0.2032 0.2032 0.3048 -11.13905971546224 8.26374172625407 0.109299814136823 0
Cone 0 0 0 -1 -1 -1 -1 0.2032 0.2032 0.3048 -9.149897111448162 7.970569239630939 0.06193195624351501 0
Cone 0 0 0 -1 -1 -1 -1 0.2032 0.2032 0.3048 -7.1653552879815425 7.757214818969013 0.04051527386605739 0
Cone 0 0 0 -1 -1 -1 -1 0.2032 0.2032 0.3048 -3.582713279120636 3.4875336136168666 0.13486007271409034 0
Cone 0 0 0 -1 -1 -1 -1 0.2032 0.2032 0.3048 -2.5074739176528205 2.9772377862848702 0.09674803927171796 0
Cone 0 0 0 -1 -1 -1 -1 0.2032 0.2032 0.3048 -5.17577332413588 7.484844659343008 0.010657657455688425 0
Cone 0 0 0 -1 -1 -1 -1 0.2032 0.2032 0.3048 -3.1710241168663025 7.3046499039477535 0.013350174260139458 0
Cone 0 0 0 -1 -1 -1 -1 0.2032 0.2032 0.3048 -1.930606108470699 2.1552996624115677 0.10147884761634325 0
Cone 0 0 0 -1 -1 -1 -1 0.2032 0.2032 0.3048 5.8184196086340485 17.12039156521516 -0.4535580766035959 0
Cone 0 0 0 -1 -1 -1 -1 0.2032 0.2032 0.3048 -0.055003081006320315 5.870483313575032 -0.008200888403256742 0
Cone 0 0 0 -1 -1 -1 -1 0.2032 0.2032 0.3048 1.625615127226533 3.4662232914646234 0.10251147647152342 0
