Cone 0 0 0 -1 -1 -1 -1 0.2032 0.2032 0.3048 -13.08364011147868 9.586654896114908 0.20664711448128023 0
Cone 0 0 0 -1 -1 -1 -1 0.2032 0.2032 0.3048 -13.14764036833496 11.598009406104328 0.09052644315560658 0
Cone 0 0 0 -1 -1 -1 -1 0.2032 0.2032 0.3048 -13.2278790603007 13.534074698462728 0.0481488261938095 0
Cone 0 0 0 -1 -1 -1 -1 0.2032 0.2032 0.3048 -8.928207728259277 17.784107759172365 -0.27434626178741456 0
Cone 0 0 0 -1 -1 -1 -1 0.2032 0.2032 0.3048 -4.954178544871521 17.904348924333497 -0.37908293263912196 0
Cone 0 0 0 -1 -1 -1 -1 0.2032 0.2032 0.3048 -1.1289710545749299 3.8266088340995563 0.13041277689578987 0
Cone 0 0 0 -1 -1 -1 -1 0.2032 0.2032 0.3048 -2.941956660144043 17.883218553239747 -0.3882174666404724 0
Cone 0 0 0 -1 -1 -1 -1 0.2032 0.2032 0.3048 -0.8481400420193989 13.71848584271932 -0.24119721012115475 0
Cone 0 0 0 -1 -1 -1 -1 0.2032 0.2032 0.3048 -0.792837468775622 11.755202645634258 -0.15982396112680436 0
Cone 0 0 0 -1 -1 -1 -1 0.2032 0.2032 0.3048 -1.8796248316690445 17.59572751777832 -0.35989025192260743 0
Cone 0 0 0 -1 -1 -1 -1 0.2032 0.2032 0.3048 -0.9251583844348907 15.856786325151367 -0.2916416968584061 0
Cone 0 0 0 -1 -1 -1 -1 0.2032 0.2032 0.3048 0.0004155689303954463 5.737861945802612 0.05601601345539092 0
Cone 0 0 0 -1 -1 -1 -1 0.2032 0.2032 0.3048 0.49281563158816993 9.805555130095117 -0.09910351373505973 0
Cone 0 0 0 -1 -1 -1 -1 0.2032 0.2032 0.3048 2.2635621895467124 18.468006367062173 -0.43436110970179237 0
Cone 0 0 0 -1 -1 -1 -1 0.2032 0.2032 0.3048 2.934882310040283 13.888832833940429 -0.2238514568090439 0
Cone 0 0 0 -1 -1 -1 -1 0.2032 0.2032 0.3048 2.9947803288772583 11.929347589189453 -0.16256712334156037 0
Cone 0 0 0 -1 -1 -1 -1 0.2032 0.2032 0.3048 2.864777043469238 15.948386171037598 -0.30345982866287236 0
Cone 0 0 0 -1 -1 -1 -1 0.2032 0.2032 0.3048 4.267218102309309 9.998575209722986 -0.10067987164940154 0
Cone 0 0 0 -1 -1 -1 -1 0.2032 0.2032 0.3048 4.93203154505043 8.068848873550339 -0.035846440213918696 0
Cone 0 0 0 -1 -1 -1 -1 0.2032 0.2032 0.3048 3.7713104754760742 6.0218124534434505 0.07841965226531028 0
Cone 0 0 0 -1 -1 -1 -1 0.2032 0.2032 0.3048 1.5461199944743937 1.8998838354079175 0.1690216282538752 0
Cone 0 0 0 -1 -1 -1 -1 0.2032 0.2032 0.3048 8.67799709936727 12.340905422543132 -0.16272573130130769 0
Cone 0 0 0 -1 -1 -1 -1 0.2032 0.2032 0.3048 2.8043927023882547 3.951425785397135 0.1153558301374316 0
Cone 0 0 0 -1 -1 -1 -1 0.2032 0.2032 0.3048 11.295433190472412 15.119496578548992 -0.20875565002494392 0
