Cone 0 0 0 -1 -1 -1 -1 0.2032 0.2032 0.3048 -11.42683221200358 8.767479414318645 -0.07179188437064489 0
Cone 0 0 0 -1 -1 -1 -1 0.2032 0.2032 0.3048 -13.23988979358724 12.160155211463216 -0.1389354363759359 0
Cone 0 0 0 -1 -1 -1 -1 0.2032 0.2032 0.3048 -9.645364350404188 9.696376662692733 -0.07276577045652603 0
Cone 0 0 0 -1 -1 -1 -1 0.2032 0.2032 0.3048 -4.98575267492981 5.112813546831054 0.031512424778938286 0
Cone 0 0 0 -1 -1 -1 -1 0.2032 0.2032 0.3048 -7.450025134277852 9.446188047105712 -0.08020746168295544 0
Cone 0 0 0 -1 -1 -1 -1 0.2032 0.2032 0.3048 -8.526668307177735 9.871699159318846 -0.11670071797370914 0
Cone 0 0 0 -1 -1 -1 -1 0.2032 0.2032 0.3048 -5.911849922265454 6.881329610521239 0.0065383037911521 0
Cone 0 0 0 -1 -1 -1 -1 0.2032 0.2032 0.3048 -1.538908520775355 2.482925120834632 0.14558980023280688 0
Cone 0 0 0 -1 -1 -1 -1 0.2032 0.2032 0.3048 -8.323913142077636 13.719959428483886 -0.29929152684211735 0
Cone 0 0 0 -1 -1 -1 -1 0.2032 0.2032 0.3048 -5.20509623122796 12.531305864030761 -0.24627084987163542 0
Cone 0 0 0 -1 -1 -1 -1 0.2032 0.2032 0.3048 -2.5514403998886555 8.643184394477187 -0.08035735399172858 0
Cone 0 0 0 -1 -1 -1 -1 0.2032 0.2032 0.3048 -3.518416036161296 10.46007131196523 -0.1389213088333607 0
Cone 0 0 0 -1 -1 -1 -1 0.2032 0.2032 0.3048 -1.6286168426200867 6.886410429651184 -0.07030107783079148 0
Cone 0 0 0 -1 -1 -1 -1 0.2032 0.2032 0.3048 0.35753135085849763 5.670231336926066 -0.007180173762639371 0
Cone 0 0 0 -1 -1 -1 -1 0.2032 0.2032 0.3048 -2.96310459871343 3.95616536793574 0.07221009190579254 0
Cone 0 0 0 -1 -1 -1 -1 0.2032 0.2032 0.3048 -11.475186837705486 13.159847651496175 -0.23016191479365034 0
Cone 0 0 0 -1 -1 -1 -1 0.2032 0.2032 0.3048 -6.963928204263071 8.796323568627649 -0.061287668651800895 0
Cone 0 0 0 -1 -1 -1 -1 0.2032 0.2032 0.3048 1.7611800170681422 4.271219109072926 0.09012828727430766 0
Cone 0 0 0 -1 -1 -1 -1 0.2032 0.2032 0.3048 1.6635136905115995 1.950723290291796 0.1420268789438263 0
