Cone 0 0 0 -1 -1 -1 -1 0.2032 0.2032 0.3048 -7.891950183105977 7.216869905168457 0.13590291446149347 0
Cone 0 0 0 -1 -1 -1 -1 0.2032 0.2032 0.3048 -9.874870535723877 8.400609376604002 0.12635904407203197 0
Cone 0 0 0 -1 -1 -1 -1 0.2032 0.2032 0.3048 -11.89488467871399 9.548316791231079 0.17331721676588058 0
Cone 0 0 0 -1 -1 -1 -1 0.2032 0.2032 0.3048 -12.053823801867676 13.322653526638591 0.0947130016307036 0
Cone 0 0 0 -1 -1 -1 -1 0.2032 0.2032 0.3048 -7.922538992755127 11.0324558522052 0.04583448810577392 0
Cone 0 0 0 -1 -1 -1 -1 0.2032 0.2032 0.3048 -5.909429898629874 7.853345560053078 0.05622615448722131 0
Cone 0 0 0 -1 -1 -1 -1 0.2032 0.2032 0.3048 -10.000754422273085 12.359079911882324 0.08474412023888693 0
Cone 0 0 0 -1 -1 -1 -1 0.2032 0.2032 0.3048 -1.6553210134942735 2.9174646014290904 0.09733016250906953 0
Cone 0 0 0 -1 -1 -1 -1 0.2032 0.2032 0.3048 -14.015842172496033 10.707487061197204 0.16593740620724856 0
Cone 0 0 0 -1 -1 -1 -1 0.2032 0.2032 0.3048 -6.041788431994629 11.841472381924236 -8.088555733363571e-05 0
Cone 0 0 0 -1 -1 -1 -1 0.2032 0.2032 0.3048 -1.686621102683258 4.798255501761677 0.07552737189531325 0
Cone 0 0 0 -1 -1 -1 -1 0.2032 0.2032 0.3048 -3.828057139111073 9.088281212821249 0.0350662325143814 0
Cone 0 0 0 -1 -1 -1 -1 0.2032 0.2032 0.3048 -2.6176553166500516 8.720952253780078 -0.014408041190438809 0
Cone 0 0 0 -1 -1 -1 -1 0.2032 0.2032 0.3048 -1.9226492527384016 7.915129677363212 -0.008230464476346977 0
Cone 0 0 0 -1 -1 -1 -1 0.2032 0.2032 0.3048 2.073766794808197 6.933962299997253 0.03167406885027885 0
Cone 0 0 0 -1 -1 -1 -1 0.2032 0.2032 0.3048 2.080233680215963 4.926207084034525 0.04612100962003071 0
Cone 0 0 0 -1 -1 -1 -1 0.2032 0.2032 0.3048 12.638609555371094 13.48267616289322 -0.2613253142118454 0
Cone 0 0 0 -1 -1 -1 -1 0.2032 0.2032 0.3048 1.4006350266156333 9.725416252689245 -0.04935642638644394 0
Cone 0 0 0 -1 -1 -1 -1 0.2032 0.2032 0.3048 2.1751582413986204 3.002554133111877 0.17093902012407777 0
Cone 0 0 0 -1 -1 -1 -1 0.2032 0.2032 0.3048 -0.6965477943346023 12.04333801525299 -0.07833406658768655 0
