Cone 0 0 0 -1 -1 -1 -1 0.2032 0.2032 0.3048 -15.84174666105957 10.881737306291503 0.3126545664489269 0
Cone 0 0 0 -1 -1 -1 -1 0.2032 0.2032 0.3048 -13.90524730383606 11.476291968995971 0.2760477042391896 0
Cone 0 0 0 -1 -1 -1 -1 0.2032 0.2032 0.3048 -7.741950221139417 7.879766209071946 0.1889274118635271 0
Cone 0 0 0 -1 -1 -1 -1 0.2032 0.2032 0.3048 -1.6171548014115533 3.6926398740365696 0.1279611785176254 0
Cone 0 0 0 -1 -1 -1 -1 0.2032 0.2032 0.3048 -2.478145731481425 5.477384522134703 0.10527824591298895 0
Cone 0 0 0 -1 -1 -1 -1 0.2032 0.2032 0.3048 -3.880198358091227 9.663981530839843 0.05524575072725613 0
Cone 0 0 0 -1 -1 -1 -1 0.2032 0.2032 0.3048 -1.790767239807274 4.630996363790617 0.09329152744426614 0
Cone 0 0 0 -1 -1 -1 -1 0.2032 0.2032 0.3048 -0.4977686946516354 8.693129993055901 0.004402863539258631 0
Cone 0 0 0 -1 -1 -1 -1 0.2032 0.2032 0.3048 12.836466817356953 9.43087805957608 -0.2006269020934258 0
Cone 0 0 0 -1 -1 -1 -1 0.2032 0.2032 0.3048 -9.79701575934143 9.244597866708679 0.2659746183415875 0
Cone 0 0 0 -1 -1 -1 -1 0.2032 0.2032 0.3048 12.799278296944081 11.266056633385839 -0.2661282117843627 0
Cone 0 0 0 -1 -1 -1 -1 0.2032 0.2032 0.3048 -3.6748338868146257 5.862839733138325 0.12650509966611861 0
Cone 0 0 0 -1 -1 -1 -1 0.2032 0.2032 0.3048 2.173962530501175 3.5940362260487104 0.13153801290806796 0
Cone 0 0 0 -1 -1 -1 -1 0.2032 0.2032 0.3048 1.567379302787272 6.395099793448689 0.0697783509214719 0
