Cone 0 0 0 -1 -1 -1 -1 0.2032 0.2032 0.3048 -13.896447538990953 10.993859550596586 0.14179546397874754 0
Cone 0 0 0 -1 -1 -1 -1 0.2032 0.2032 0.3048 -13.306597245725504 14.926731183702392 -0.014742195177078254 0
Cone 0 0 0 -1 -1 -1 -1 0.2032 0.2032 0.3048 -12.67183289229126 12.934354856187744 0.053866140973567955 0
Cone 0 0 0 -1 -1 -1 -1 0.2032 0.2032 0.3048 -2.1106455925363754 8.960318977211557 -0.09000417149861654 0
Cone 0 0 0 -1 -1 -1 -1 0.2032 0.2032 0.3048 -2.0683723022466025 2.9769009226639835 0.13594018211041883 0
Cone 0 0 0 -1 -1 -1 -1 0.2032 0.2032 0.3048 -2.16928734679273 15.008326922431234 -0.26104521708488465 0
Cone 0 0 0 -1 -1 -1 -1 0.2032 0.2032 0.3048 -2.102173420779419 7.0344626452273555 0.026168212723731987 0
Cone 0 0 0 -1 -1 -1 -1 0.2032 0.2032 0.3048 -3.0329462021514892 18.727270200426027 -0.3452009926915169 0
Cone 0 0 0 -1 -1 -1 -1 0.2032 0.2032 0.3048 1.694561485953617 12.918434574777526 -0.2132293540418148 0
Cone 0 0 0 -1 -1 -1 -1 0.2032 0.2032 0.3048 1.7073062429899852 4.939090186928354 -0.007944495298465097 0
Cone 0 0 0 -1 -1 -1 -1 0.2032 0.2032 0.3048 -2.0866583317443848 4.950199214525994 0.0679959717048539 0
Cone 0 0 0 -1 -1 -1 -1 0.2032 0.2032 0.3048 1.759148764846978 3.0344492233311793 0.09755902309857117 0
Cone 0 0 0 -1 -1 -1 -1 0.2032 0.2032 0.3048 -4.173146936289978 19.110033347780153 -0.38193575994968415 0
Cone 0 0 0 -1 -1 -1 -1 0.2032 0.2032 0.3048 -2.134931295470544 10.944798124587996 -0.13287324302557746 0
Cone 0 0 0 -1 -1 -1 -1 0.2032 0.2032 0.3048 -2.164355966441345 16.913646485979005 -0.32460681157112126 0
Cone 0 0 0 -1 -1 -1 -1 0.2032 0.2032 0.3048 -2.1177083581611633 12.95651419418518 -0.17317420573830605 0
Cone 0 0 0 -1 -1 -1 -1 0.2032 0.2032 0.3048 1.6420085340812682 16.914125993425294 -0.3329172368526459 0
Cone 0 0 0 -1 -1 -1 -1 0.2032 0.2032 0.3048 1.6723742355977376 14.912713760708415 -0.274738361008962 0
Cone 0 0 0 -1 -1 -1 -1 0.2032 0.2032 0.3048 1.670539485082634 8.891807680500483 -0.09658959392855992 0
Cone 0 0 0 -1 -1 -1 -1 0.2032 0.2032 0.3048 1.6980740497584024 6.940262630159301 -0.09367683486938477 0
Cone 0 0 0 -1 -1 -1 -1 0.2032 0.2032 0.3048 1.6761517445320766 10.902374142979227 -0.13701495299041272 0
Cone 0 0 0 -1 -1 -1 -1 0.2032 0.2032 0.3048 1.018131253130722 19.730523660356447 -0.4036683137893677 0
