Cone 0 0 0 -1 -1 -1 -1 0.2032 0.2032 0.3048 -15.061291071765137 10.925405481035156 -0.071397616036733 0
Cone 0 0 0 -1 -1 -1 -1 0.2032 0.2032 0.3048 -14.774553152911377 11.326024129564209 -0.243816494512558 0
Cone 0 0 0 -1 -1 -1 -1 0.2032 0.2032 0.3048 -13.839249226443481 12.882859780961914 -0.24524028804699582 0
Cone 0 0 0 -1 -1 -1 -1 0.2032 0.2032 0.3048 -12.609384920523413 14.833609019294027 -0.3960608504560259 0
Cone 0 0 0 -1 -1 -1 -1 0.2032 0.2032 0.3048 -2.0498047828599932 2.8093385632580943 0.0782262843047579 0
Cone 0 0 0 -1 -1 -1 -1 0.2032 0.2032 0.3048 1.7524467776293438 12.68815138065945 -0.45157665964762367 0
Cone 0 0 0 -1 -1 -1 -1 0.2032 0.2032 0.3048 1.7562050690327962 18.640942806576337 -0.6889075632572174 0
Cone 0 0 0 -1 -1 -1 -1 0.2032 0.2032 0.3048 -2.0560518764712863 10.77789396170905 -0.3215904885543718 0
Cone 0 0 0 -1 -1 -1 -1 0.2032 0.2032 0.3048 -2.0618596603398642 12.719778795232402 -0.47287508420332885 0
Cone 0 0 0 -1 -1 -1 -1 0.2032 0.2032 0.3048 -2.0408699194515862 4.730257237528406 -0.057388123937447875 0
Cone 0 0 0 -1 -1 -1 -1 0.2032 0.2032 0.3048 -2.0454003244564056 16.778428151781007 -0.6264759744882584 0
Cone 0 0 0 -1 -1 -1 -1 0.2032 0.2032 0.3048 -2.0580000665851412 8.77999976164138 -0.2630399816058931 0
Cone 0 0 0 -1 -1 -1 -1 0.2032 0.2032 0.3048 1.7664661675765991 16.700642977729085 -0.6123765305360159 0
Cone 0 0 0 -1 -1 -1 -1 0.2032 0.2032 0.3048 -2.0529092580005646 6.708957865411682 -0.1259294855773449 0
Cone 0 0 0 -1 -1 -1 -1 0.2032 0.2032 0.3048 1.7676530947362266 14.689522022579752 -0.5510622675895691 0
Cone 0 0 0 -1 -1 -1 -1 0.2032 0.2032 0.3048 -2.035550865523529 14.719255918835247 -0.5222487544695537 0
Cone 0 0 0 -1 -1 -1 -1 0.2032 0.2032 0.3048 -2.0791409144724526 18.76105247064562 -0.7465468673917982 0
Cone 0 0 0 -1 -1 -1 -1 0.2032 0.2032 0.3048 1.7720985828662794 2.7979509695864153 0.06139394288025796 0
Cone 0 0 0 -1 -1 -1 -1 0.2032 0.2032 0.3048 1.75141086794352 10.678512488379718 -0.32823755694064827 0
Cone 0 0 0 -1 -1 -1 -1 0.2032 0.2032 0.3048 -2.29522463976593 19.71759422081177 -0.7834174032688141 0
Cone 0 0 0 -1 -1 -1 -1 0.2032 0.2032 0.3048 1.7507399588897705 4.731400993043822 -0.036023471820354466 0
Cone 0 0 0 -1 -1 -1 -1 0.2032 0.2032 0.3048 1.7284579533646678 8.702102655297978 -0.23464371143150953 0
Cone 0 0 0 -1 -1 -1 -1 0.2032 0.2032 0.3048 1.742445361621666 6.731372132474823 -0.10548065932393076 0
