Cone 0 0 0 -1 -1 -1 -1 0.2032 0.2032 0.3048 -13.668088480822753 14.150674989396972 0.03220942659378051 0
Cone 0 0 0 -1 -1 -1 -1 0.2032 0.2032 0.3048 1.7562872961237908 4.767672424092534 0.021266669774552178 0
Cone 0 0 0 -1 -1 -1 -1 0.2032 0.2032 0.3048 -2.378895899645996 12.632071855241698 -0.15498761253356935 0
Cone 0 0 0 -1 -1 -1 -1 0.2032 0.2032 0.3048 1.9133515536859511 2.851570351495984 0.0957236222454243 0
Cone 0 0 0 -1 -1 -1 -1 0.2032 0.2032 0.3048 -12.939598573240152 12.222258482947591 0.07032750589847564 0
Cone 0 0 0 -1 -1 -1 -1 0.2032 0.2032 0.3048 1.4888904025231682 10.740517086361491 -0.10272705776956348 0
Cone 0 0 0 -1 -1 -1 -1 0.2032 0.2032 0.3048 1.5618709359279517 8.727624527114353 -0.06543118857992837 0
Cone 0 0 0 -1 -1 -1 -1 0.2032 0.2032 0.3048 -2.3036299769126143 10.610191026608671 -0.09345878851507226 0
Cone 0 0 0 -1 -1 -1 -1 0.2032 0.2032 0.3048 -1.9376135505937437 2.6600986745812043 0.08913031693829428 0
Cone 0 0 0 -1 -1 -1 -1 0.2032 0.2032 0.3048 1.226130711046346 16.71917064445679 -0.2802100077946981 0
Cone 0 0 0 -1 -1 -1 -1 0.2032 0.2032 0.3048 1.329991993315506 14.710076406175537 -0.24704948769807816 0
Cone 0 0 0 -1 -1 -1 -1 0.2032 0.2032 0.3048 -2.030950837326558 4.635406790747883 0.0843427404085795 0
Cone 0 0 0 -1 -1 -1 -1 0.2032 0.2032 0.3048 -4.649931973542617 18.660871314911027 -0.26490961469014485 0
Cone 0 0 0 -1 -1 -1 -1 0.2032 0.2032 0.3048 -2.8662058442756653 17.61761863487427 -0.30409726457595826 0
Cone 0 0 0 -1 -1 -1 -1 0.2032 0.2032 0.3048 -3.5278522938415526 18.369198968583987 -0.3054167802810669 0
Cone 0 0 0 -1 -1 -1 -1 0.2032 0.2032 0.3048 1.4427779500047957 12.739479570448752 -0.18768437802451002 0
Cone 0 0 0 -1 -1 -1 -1 0.2032 0.2032 0.3048 -2.2136080632532757 8.62693384903137 -0.062176714110374454 0
Cone 0 0 0 -1 -1 -1 -1 0.2032 0.2032 0.3048 -6.826966854922485 18.60843618171875 -0.2573614712238312 0
Cone 0 0 0 -1 -1 -1 -1 0.2032 0.2032 0.3048 0.4875471636727333 19.464641645128175 -0.3741315896987915 0
Cone 0 0 0 -1 -1 -1 -1 0.2032 0.2032 0.3048 -2.500802549712372 14.66727645652954 -0.22803930150270463 0
Cone 0 0 0 -1 -1 -1 -1 0.2032 0.2032 0.3048 1.6455570727661133 6.736507887219035 -0.045840178497632354 0
Cone 0 0 0 -1 -1 -1 -1 0.2032 0.2032 0.3048 -2.58136453859592 16.609237533054067 -0.28574597461488516 0
