Cone 0 0 0 -1 -1 -1 -1 0.2032 0.2032 0.3048 -12.882235380999756 11.804304554635925 -0.03373257027864457 0
Cone 0 0 0 -1 -1 -1 -1 0.2032 0.2032 0.3048 -13.728551321220907 11.139501566265666 -0.020146420417229343 0
Cone 0 0 0 -1 -1 -1 -1 0.2032 0.2032 0.3048 -11.859226939074707 11.92707402961914 -0.14095049755573275 0
Cone 0 0 0 -1 -1 -1 -1 0.2032 0.2032 0.3048 -9.712823483340454 11.811100080186767 -0.18693950356841088 0
Cone 0 0 0 -1 -1 -1 -1 0.2032 0.2032 0.3048 -7.755698892466736 11.745772316629333 -0.2203792105793953 0
Cone 0 0 0 -1 -1 -1 -1 0.2032 0.2032 0.3048 -9.638095232836914 15.634035780603332 -0.3344806850632032 0
Cone 0 0 0 -1 -1 -1 -1 0.2032 0.2032 0.3048 -7.644875602913412 15.580624940568846 -0.3305758014996847 0
Cone 0 0 0 -1 -1 -1 -1 0.2032 0.2032 0.3048 -1.8554847766881306 5.421030690843505 -0.05151685135364533 0
Cone 0 0 0 -1 -1 -1 -1 0.2032 0.2032 0.3048 -5.672970911853027 15.527134206468505 -0.36807284312248234 0
Cone 0 0 0 -1 -1 -1 -1 0.2032 0.2032 0.3048 -3.6358713040674844 15.45192646441325 -0.379649827448527 0
Cone 0 0 0 -1 -1 -1 -1 0.2032 0.2032 0.3048 -1.8171792358085632 7.424092843706054 -0.12498521761894227 0
Cone 0 0 0 -1 -1 -1 -1 0.2032 0.2032 0.3048 -2.592037293307495 11.17236907737915 -0.25623677628040314 0
Cone 0 0 0 -1 -1 -1 -1 0.2032 0.2032 0.3048 -3.714705112569046 11.632562115365905 -0.27474833981990815 0
Cone 0 0 0 -1 -1 -1 -1 0.2032 0.2032 0.3048 -1.7866563488965355 9.373794645641885 -0.19104840911229456 0
Cone 0 0 0 -1 -1 -1 -1 0.2032 0.2032 0.3048 -0.4124380230829239 14.332147672349853 -0.420027449297905 0
Cone 0 0 0 -1 -1 -1 -1 0.2032 0.2032 0.3048 1.4634446173980713 12.036329131564804 -0.3318827578438653 0
Cone 0 0 0 -1 -1 -1 -1 0.2032 0.2032 0.3048 2.003412435317666 9.221711982151227 -0.22625546114444736 0
Cone 0 0 0 -1 -1 -1 -1 0.2032 0.2032 0.3048 -5.860461549950155 11.70703091082438 -0.22775488651593526 0
Cone 0 0 0 -1 -1 -1 -1 0.2032 0.2032 0.3048 1.907450512059021 5.271596855496012 -0.04012944655418397 0
Cone 0 0 0 -1 -1 -1 -1 0.2032 0.2032 0.3048 1.873400272696607 3.3332780607194885 0.09442475141026668 0
Cone 0 0 0 -1 -1 -1 -1 0.2032 0.2032 0.3048 -1.9586527340394517 3.496718227582673 0.08706959789693354 0
Cone 0 0 0 -1 -1 -1 -1 0.2032 0.2032 0.3048 -14.127816531054687 9.9389096047229 0.07389289183616637 0
Cone 0 0 0 -1 -1 -1 -1 0.2032 0.2032 0.3048 -11.628777834765625 15.73454554336731 -0.26292104231119157 0
