Cone 0 0 0 -1 -1 -1 -1 0.2032 0.2032 0.3048 -13.698578688494873 11.430092885667724 -0.39881566123962403 0
Cone 0 0 0 -1 -1 -1 -1 0.2032 0.2032 0.3048 -1.9079717623616377 2.3657463908937006 0.11679605756236446 0
Cone 0 0 0 -1 -1 -1 -1 0.2032 0.2032 0.3048 -2.632382604472351 6.193148329431457 -0.06551928775310517 0
Cone 0 0 0 -1 -1 -1 -1 0.2032 0.2032 0.3048 -4.168316516272736 14.113990500146791 -0.4787814538359642 0
Cone 0 0 0 -1 -1 -1 -1 0.2032 0.2032 0.3048 -3.8051985470474126 12.167183942552006 -0.387026371507796 0
Cone 0 0 0 -1 -1 -1 -1 0.2032 0.2032 0.3048 -3.038714489901007 8.164290452574335 -0.1905156487949311 0
Cone 0 0 0 -1 -1 -1 -1 0.2032 0.2032 0.3048 -3.4188897341415405 10.189584766402485 -0.29519803034067155 0
Cone 0 0 0 -1 -1 -1 -1 0.2032 0.2032 0.3048 -4.507571908824158 16.071728780443117 -0.5646544616103173 0
Cone 0 0 0 -1 -1 -1 -1 0.2032 0.2032 0.3048 -4.909893748156739 18.07243230598633 -0.6921051438331605 0
Cone 0 0 0 -1 -1 -1 -1 0.2032 0.2032 0.3048 -0.7233776380544027 16.743232642188314 -0.6034075712839763 0
Cone 0 0 0 -1 -1 -1 -1 0.2032 0.2032 0.3048 -0.027061638057864698 12.785626406048381 -0.38048074972430856 0
Cone 0 0 0 -1 -1 -1 -1 0.2032 0.2032 0.3048 -1.1318278342411041 18.664125516588136 -0.6848759199857712 0
Cone 0 0 0 -1 -1 -1 -1 0.2032 0.2032 0.3048 -0.39808186589927674 14.761232068712157 -0.49500530915260316 0
Cone 0 0 0 -1 -1 -1 -1 0.2032 0.2032 0.3048 0.7071579366996765 8.865426013643187 -0.19983933227062228 0
Cone 0 0 0 -1 -1 -1 -1 0.2032 0.2032 0.3048 0.3273132663471949 10.793153886855002 -0.2813036505631038 0
Cone 0 0 0 -1 -1 -1 -1 0.2032 0.2032 0.3048 1.0801023751571655 6.88821151512329 -0.12040600137710573 0
Cone 0 0 0 -1 -1 -1 -1 0.2032 0.2032 0.3048 1.4642087224531384 4.963376212028638 0.0049589413060082245 0
Cone 0 0 0 -1 -1 -1 -1 0.2032 0.2032 0.3048 4.67826656534356 4.66616314110621 0.026020615066422347 0
Cone 0 0 0 -1 -1 -1 -1 0.2032 0.2032 0.3048 1.8573672736995395 3.056379673503103 0.1310875821153559 0
Cone 0 0 0 -1 -1 -1 -1 0.2032 0.2032 0.3048 -2.2760997742340088 4.300961717540663 0.01549460968077182 0
