Cone 0 0 0 -1 -1 -1 -1 0.2032 0.2032 0.3048 -13.686540696017456 9.68441159980957 0.26409013845101 0
Cone 0 0 0 -1 -1 -1 -1 0.2032 0.2032 0.3048 -1.851438187552007 11.334464147264404 -0.03873958892424902 0
Cone 0 0 0 -1 -1 -1 -1 0.2032 0.2032 0.3048 -1.9286727333726448 9.309018744550158 0.03084936927980498 0
Cone 0 0 0 -1 -1 -1 -1 0.2032 0.2032 0.3048 1.7956681537702561 3.313590727025909 0.13548851190209388 0
Cone 0 0 0 -1 -1 -1 -1 0.2032 0.2032 0.3048 1.9408174557892692 11.208873081115858 -0.05841693239212037 0
Cone 0 0 0 -1 -1 -1 -1 0.2032 0.2032 0.3048 -2.0505923771121557 3.394618345540076 0.09728599891761938 0
Cone 0 0 0 -1 -1 -1 -1 0.2032 0.2032 0.3048 -12.414778277270507 11.585870435411376 0.18907541060894725 0
Cone 0 0 0 -1 -1 -1 -1 0.2032 0.2032 0.3048 1.7763309747055054 5.2499860232816555 0.07460049483378726 0
Cone 0 0 0 -1 -1 -1 -1 0.2032 0.2032 0.3048 1.969727668835873 13.20346039656928 -0.08904856400489808 0
Cone 0 0 0 -1 -1 -1 -1 0.2032 0.2032 0.3048 2.017621822165934 15.210321341529134 -0.12415016647974651 0
Cone 0 0 0 -1 -1 -1 -1 0.2032 0.2032 0.3048 -3.744391348288303 17.523829375281576 -0.1094754764450921 0
Cone 0 0 0 -1 -1 -1 -1 0.2032 0.2032 0.3048 -2.608840279770406 17.110753928199056 -0.12699669059912366 0
Cone 0 0 0 -1 -1 -1 -1 0.2032 0.2032 0.3048 1.8434316337182999 7.2377036358660884 0.03823805829584598 0
Cone 0 0 0 -1 -1 -1 -1 0.2032 0.2032 0.3048 -1.9722215066279092 5.417708470994873 0.09270566496451695 0
Cone 0 0 0 -1 -1 -1 -1 0.2032 0.2032 0.3048 -5.899652096621704 17.61572892921631 -0.1332646008014679 0
Cone 0 0 0 -1 -1 -1 -1 0.2032 0.2032 0.3048 -1.963006424896431 7.407246127302093 0.026223445740342133 0
Cone 0 0 0 -1 -1 -1 -1 0.2032 0.2032 0.3048 -7.855041391927228 17.633019180811946 -0.12083333474908559 0
Cone 0 0 0 -1 -1 -1 -1 0.2032 0.2032 0.3048 1.8893211884705439 9.21087038772766 0.03076555987066692 0
Cone 0 0 0 -1 -1 -1 -1 0.2032 0.2032 0.3048 1.4496473342254639 18.042899364803873 -0.1793407495498657 0
Cone 0 0 0 -1 -1 -1 -1 0.2032 0.2032 0.3048 -1.9504975209559121 16.045198037797853 -0.09847643928527833 0
Cone 0 0 0 -1 -1 -1 -1 0.2032 0.2032 0.3048 -1.835675113392385 13.37205226677124 -0.0643003976027171 0
