Cone 0 0 0 -1 -1 -1 -1 0.2032 0.2032 0.3048 -9.934402200572205 8.165624176039936 3.8329941034309645e-05 0
Cone 0 0 0 -1 -1 -1 -1 0.2032 0.2032 0.3048 -8.639822575442505 10.230020994518839 -0.03206612623532614 0
Cone 0 0 0 -1 -1 -1 -1 0.2032 0.2032 0.3048 -10.668081614367676 13.515151256893716 -0.040710183052221946 0
Cone 0 0 0 -1 -1 -1 -1 0.2032 0.2032 0.3048 -1.7459957793753655 2.2348830860672253 0.124013990978051 0
Cone 0 0 0 -1 -1 -1 -1 0.2032 0.2032 0.3048 -6.42518982588501 10.102744653398437 -0.022405931917826343 0
Cone 0 0 0 -1 -1 -1 -1 0.2032 0.2032 0.3048 -4.719881520992364 7.4225831110358005 -0.0150823812365532 0
Cone 0 0 0 -1 -1 -1 -1 0.2032 0.2032 0.3048 -7.391659709803772 10.49981732624237 -0.02809359462857247 0
Cone 0 0 0 -1 -1 -1 -1 0.2032 0.2032 0.3048 -7.217749688021851 14.322090461427612 -0.1435371633052826 0
Cone 0 0 0 -1 -1 -1 -1 0.2032 0.2032 0.3048 -1.4315733127387154 9.323874948198242 -0.03460075759357877 0
Cone 0 0 0 -1 -1 -1 -1 0.2032 0.2032 0.3048 -2.359633123094573 11.097704731885127 -0.0536392955991957 0
Cone 0 0 0 -1 -1 -1 -1 0.2032 0.2032 0.3048 -0.43463556020708083 7.5869305874652095 0.031407580208778374 0
Cone 0 0 0 -1 -1 -1 -1 0.2032 0.2032 0.3048 0.5320544511154175 5.831290915185852 0.09489647341966628 0
Cone 0 0 0 -1 -1 -1 -1 0.2032 0.2032 0.3048 5.385584897803752 19.269333118771158 -0.27056403911908466 0
Cone 0 0 0 -1 -1 -1 -1 0.2032 0.2032 0.3048 -15.664016577593994 10.222535684282226 0.07303725225925445 0
Cone 0 0 0 -1 -1 -1 -1 0.2032 0.2032 0.3048 1.5393689443742116 4.137044096563898 0.11566719673027592 0
Cone 0 0 0 -1 -1 -1 -1 0.2032 0.2032 0.3048 -2.7976479262039184 4.0744278277701556 0.0214957682982087 0
Cone 0 0 0 -1 -1 -1 -1 0.2032 0.2032 0.3048 -4.300793322913361 13.33062012451355 -0.12100823925733567 0
Cone 0 0 0 -1 -1 -1 -1 0.2032 0.2032 0.3048 -5.736662312766993 9.29273053322839 -0.028418916779756557 0
Cone 0 0 0 -1 -1 -1 -1 0.2032 0.2032 0.3048 -11.919486138217163 11.653196408922119 -0.031138196158409126 0
