Cone 0 0 0 -1 -1 -1 -1 0.2032 0.2032 0.3048 -14.665934059016418 12.17698366897766 0.17990733516477048 0
Cone 0 0 0 -1 -1 -1 -1 0.2032 0.2032 0.3048 -10.961149165026855 11.279233339006346 0.07554996652603149 0
Cone 0 0 0 -1 -1 -1 -1 0.2032 0.2032 0.3048 -10.510790718587748 13.288757000937702 -0.056465245354175575 0
Cone 0 0 0 -1 -1 -1 -1 0.2032 0.2032 0.3048 -7.8557313412353516 6.027497961694641 0.117786663082242 0
Cone 0 0 0 -1 -1 -1 -1 0.2032 0.2032 0.3048 -1.9201796048805235 3.242327249223633 0.15231502630511917 0
Cone 0 0 0 -1 -1 -1 -1 0.2032 0.2032 0.3048 -9.733245294852992 17.17286950662342 -0.1543631407442547 0
Cone 0 0 0 -1 -1 -1 -1 0.2032 0.2032 0.3048 -0.6457074612304687 19.41043861168091 -0.4562079753160477 0
Cone 0 0 0 -1 -1 -1 -1 0.2032 0.2032 0.3048 -2.5531726807281494 19.753475740129396 -0.47624397234916693 0
Cone 0 0 0 -1 -1 -1 -1 0.2032 0.2032 0.3048 -0.29245041054594856 4.819275572473448 0.06857626459768838 0
Cone 0 0 0 -1 -1 -1 -1 0.2032 0.2032 0.3048 2.340202090151596 14.402669066761577 -0.27665283984740574 0
Cone 0 0 0 -1 -1 -1 -1 0.2032 0.2032 0.3048 1.3092268178934734 18.96567177233561 -0.42942358013788856 0
Cone 0 0 0 -1 -1 -1 -1 0.2032 0.2032 0.3048 2.7096201361403853 10.270517758878489 -0.14341354437580817 0
Cone 0 0 0 -1 -1 -1 -1 0.2032 0.2032 0.3048 2.776036289341736 16.46514152941569 -0.32205329295794166 0
Cone 0 0 0 -1 -1 -1 -1 0.2032 0.2032 0.3048 1.2716038694058736 6.470239872311198 0.04356009307702382 0
Cone 0 0 0 -1 -1 -1 -1 0.2032 0.2032 0.3048 6.531501280275472 18.317233636552736 -0.46927810665766395 0
Cone 0 0 0 -1 -1 -1 -1 0.2032 0.2032 0.3048 2.85104642511158 8.243049501950187 -0.05900211589336396 0
Cone 0 0 0 -1 -1 -1 -1 0.2032 0.2032 0.3048 5.662543244170633 11.733665540391845 -0.1764989913185438 0
Cone 0 0 0 -1 -1 -1 -1 0.2032 0.2032 0.3048 6.493838615226236 15.66798519549235 -0.29643988566398616 0
Cone 0 0 0 -1 -1 -1 -1 0.2032 0.2032 0.3048 6.080964817279731 13.714562013322753 -0.2388495732360416 0
Cone 0 0 0 -1 -1 -1 -1 0.2032 0.2032 0.3048 6.446400728829193 9.570814743215484 -0.08302607158124448 0
Cone 0 0 0 -1 -1 -1 -1 0.2032 0.2032 0.3048 1.791881054845937 2.324423949891967 0.1452990100602309 0
Cone 0 0 0 -1 -1 -1 -1 0.2032 0.2032 0.3048 -11.360860625564237 9.348414442182888 0.12353635456694495 0
Cone 0 0 0 -1 -1 -1 -1 0.2032 0.2032 0.3048 3.554642326640574 4.038388147527618 0.12998819642464318 0
Cone 0 0 0 -1 -1 -1 -1 0.2032 0.2032 0.3048 6.596320980463578 7.541925146753235 0.03411469071971045 0
Cone 0 0 0 -1 -1 -1 -1 0.2032 0.2032 0.3048 1.920338866122055 12.430817082101747 -0.19786932462751866 0
Cone 0 0 0 -1 -1 -1 -1 0.2032 0.2032 0.3048 -15.10019621550293 10.26669748085205 0.310314400550723 0
Cone 0 0 0 -1 -1 -1 -1 0.2032 0.2032 0.3048 -10.108650140953573 15.24228111363912 -0.08611635324160259 0
Cone 0 0 0 -1 -1 -1 -1 0.2032 0.2032 0.3048 2.254061463482666 18.409226777727053 -0.434027653503418 0
