Cone 0 0 0 -1 -1 -1 -1 0.2032 0.2032 0.3048 -11.85430953203888 11.584063166950784 -0.2912953193664551 0
Cone 0 0 0 -1 -1 -1 -1 0.2032 0.2032 0.3048 -13.632148225763618 12.571259413733724 -0.33528834869596696 0
Cone 0 0 0 -1 -1 -1 -1 0.2032 0.2032 0.3048 -6.653105205621169 8.668191692472805 -0.15155157155593238 0
Cone 0 0 0 -1 -1 -1 -1 0.2032 0.2032 0.3048 -8.414756946754965 9.625651632323505 -0.2072723751942317 0
Cone 0 0 0 -1 -1 -1 -1 0.2032 0.2032 0.3048 -4.89588389211433 7.679999162756616 -0.09739787929483823 0
Cone 0 0 0 -1 -1 -1 -1 0.2032 0.2032 0.3048 -1.4028157402997334 5.7354253715024806 0.055114893547693874 0
Cone 0 0 0 -1 -1 -1 -1 0.2032 0.2032 0.3048 -0.2525477041849791 8.617977002923642 -0.1173389514852725 0
Cone 0 0 0 -1 -1 -1 -1 0.2032 0.2032 0.3048 0.3257623006974538 4.79834801015719 0.04257162423878907 0
Cone 0 0 0 -1 -1 -1 -1 0.2032 0.2032 0.3048 -10.127344462268066 10.611781114910684 -0.22490069475571314 0
Cone 0 0 0 -1 -1 -1 -1 0.2032 0.2032 0.3048 2.4132506257731237 6.995947816184169 0.08597391416816545 0
Cone 0 0 0 -1 -1 -1 -1 0.2032 0.2032 0.3048 3.7702171474769592 2.726052686149521 0.1763361193805933 0
Cone 0 0 0 -1 -1 -1 -1 0.2032 0.2032 0.3048 7.162547098604329 4.479177588795268 -0.046000599431991585 0
Cone 0 0 0 -1 -1 -1 -1 0.2032 0.2032 0.3048 2.0666207104995724 3.8275389299538163 0.12914217107693352 0
