Cone 0 0 0 -1 -1 -1 -1 0.2032 0.2032 0.3048 -16.12236246763916 10.405166700059814 -0.07579649941921235 0
Cone 0 0 0 -1 -1 -1 -1 0.2032 0.2032 0.3048 -10.71088990866394 9.19127400177185 -0.04071233875354132 0
Cone 0 0 0 -1 -1 -1 -1 0.2032 0.2032 0.3048 -9.000663134448242 10.23180470987291 -0.030235088104671914 0
Cone 0 0 0 -1 -1 -1 -1 0.2032 0.2032 0.3048 -12.662387781334433 12.472000434572143 -0.07670216716130575 0
Cone 0 0 0 -1 -1 -1 -1 0.2032 0.2032 0.3048 -1.776861959972209 2.3142935364760815 0.0897037768238357 0
Cone 0 0 0 -1 -1 -1 -1 0.2032 0.2032 0.3048 -2.7894678642278037 4.014984886138566 0.024799976217462893 0
Cone 0 0 0 -1 -1 -1 -1 0.2032 0.2032 0.3048 -10.092687937609863 17.350179269487306 -0.04520763413906098 0
Cone 0 0 0 -1 -1 -1 -1 0.2032 0.2032 0.3048 -9.233012720935058 14.524991109544677 -0.04424807982444764 0
Cone 0 0 0 -1 -1 -1 -1 0.2032 0.2032 0.3048 -7.2818623512908935 11.220115219130756 -0.03170846483906111 0
Cone 0 0 0 -1 -1 -1 -1 0.2032 0.2032 0.3048 -5.878275954119873 9.146554582292481 -0.02803445790154594 0
Cone 0 0 0 -1 -1 -1 -1 0.2032 0.2032 0.3048 -4.858107977104696 7.411161608074746 -0.020395918258031217 0
Cone 0 0 0 -1 -1 -1 -1 0.2032 0.2032 0.3048 -10.962229701869202 13.502230956727905 -0.07030357377529145 0
Cone 0 0 0 -1 -1 -1 -1 0.2032 0.2032 0.3048 -7.510591718547058 15.55254359501068 -0.07141445534229279 0
Cone 0 0 0 -1 -1 -1 -1 0.2032 0.2032 0.3048 -5.736785313479614 16.51920039909546 -0.07693036453723909 0
Cone 0 0 0 -1 -1 -1 -1 0.2032 0.2032 0.3048 -2.5069839288716635 11.015380695039672 -0.03988075089255969 0
Cone 0 0 0 -1 -1 -1 -1 0.2032 0.2032 0.3048 -1.5774249902718953 9.375655323270177 -0.026176816221645915 0
Cone 0 0 0 -1 -1 -1 -1 0.2032 0.2032 0.3048 -0.5742305248901367 7.678729369813842 0.015094679278135294 0
Cone 0 0 0 -1 -1 -1 -1 0.2032 0.2032 0.3048 0.4703144235817804 5.9950152449223495 0.09041487551265293 0
Cone 0 0 0 -1 -1 -1 -1 0.2032 0.2032 0.3048 -12.391310545794678 8.150915577585144 -0.0462088506102562 0
Cone 0 0 0 -1 -1 -1 -1 0.2032 0.2032 0.3048 -6.868646263737657 10.872051016398249 -0.03494814293384553 0
Cone 0 0 0 -1 -1 -1 -1 0.2032 0.2032 0.3048 -3.558507236830902 12.748490169221801 -0.02972614722251893 0
Cone 0 0 0 -1 -1 -1 -1 0.2032 0.2032 0.3048 1.494067219701894 4.244458865498148 0.12319436275164283 0
