Cone 0 0 0 -1 -1 -1 -1 0.2032 0.2032 0.3048 -9.077772677208223 8.314304458401518 0.025658760310303074 0
Cone 0 0 0 -1 -1 -1 -1 0.2032 0.2032 0.3048 -10.940468846466937 8.53674009329116 0.05627067642893109 0
Cone 0 0 0 -1 -1 -1 -1 0.2032 0.2032 0.3048 -3.5922816127464294 3.7362455721444316 0.034380022865533814 0
Cone 0 0 0 -1 -1 -1 -1 0.2032 0.2032 0.3048 -1.9574829569337266 2.326352550187163 0.11242007863649296 0
Cone 0 0 0 -1 -1 -1 -1 0.2032 0.2032 0.3048 -7.094582999738565 8.032037809068605 0.004992534152666722 0
Cone 0 0 0 -1 -1 -1 -1 0.2032 0.2032 0.3048 -5.108944069432964 7.7520566840998475 -0.008581301803059056 0
Cone 0 0 0 -1 -1 -1 -1 0.2032 0.2032 0.3048 -2.579540351309604 3.267086543642694 0.07469814792616025 0
Cone 0 0 0 -1 -1 -1 -1 0.2032 0.2032 0.3048 -0.2000475729430834 6.157193973237915 -0.012634537684917459 0
Cone 0 0 0 -1 -1 -1 -1 0.2032 0.2032 0.3048 1.6587731680774145 3.5134629184323405 0.11788012094781508 0
Cone 0 0 0 -1 -1 -1 -1 0.2032 0.2032 0.3048 -3.1141609479909262 7.5296931411570736 -0.02680935046871504 0
