Cone 0 0 0 -1 -1 -1 -1 0.2032 0.2032 0.3048 -16.018139534187824 10.542544280066732 0.11164362771511077 0
Cone 0 0 0 -1 -1 -1 -1 0.2032 0.2032 0.3048 -12.253727051608276 9.822119310075683 0.04629397062659263 0
Cone 0 0 0 -1 -1 -1 -1 0.2032 0.2032 0.3048 -15.624982687823486 12.50570066230957 0.026127480399608605 0
Cone 0 0 0 -1 -1 -1 -1 0.2032 0.2032 0.3048 -8.175162805112711 8.940270021135253 -0.0652421907265981 0
Cone 0 0 0 -1 -1 -1 -1 0.2032 0.2032 0.3048 -11.908167573802185 11.7460966851062 -0.033917054104805 0
Cone 0 0 0 -1 -1 -1 -1 0.2032 0.2032 0.3048 -11.523110482089233 13.720548048192901 -0.12663535358309747 0
Cone 0 0 0 -1 -1 -1 -1 0.2032 0.2032 0.3048 -2.003766370805613 3.7810147748138925 0.07517226103974711 0
Cone 0 0 0 -1 -1 -1 -1 0.2032 0.2032 0.3048 -2.225846820068868 5.819965992942098 -0.011305411227544157 0
Cone 0 0 0 -1 -1 -1 -1 0.2032 0.2032 0.3048 0.887647595388182 9.135427674890865 -0.07114611450715198 0
Cone 0 0 0 -1 -1 -1 -1 0.2032 0.2032 0.3048 2.2253610958730063 19.232467248613283 -0.4258350030263265 0
Cone 0 0 0 -1 -1 -1 -1 0.2032 0.2032 0.3048 1.8481106827730815 17.153001064632974 -0.3368580436388651 0
Cone 0 0 0 -1 -1 -1 -1 0.2032 0.2032 0.3048 2.2851468791638694 13.03166698870524 -0.22690209455092747 0
Cone 0 0 0 -1 -1 -1 -1 0.2032 0.2032 0.3048 2.4686441689804077 10.971117570573732 -0.11464673337141676 0
Cone 0 0 0 -1 -1 -1 -1 0.2032 0.2032 0.3048 1.491155754533895 4.9692948764310705 0.07954183114767073 0
Cone 0 0 0 -1 -1 -1 -1 0.2032 0.2032 0.3048 5.2247525125816345 14.493189528161926 -0.2269702027916908 0
Cone 0 0 0 -1 -1 -1 -1 0.2032 0.2032 0.3048 5.997816867637126 18.474720234249673 -0.3584930991808573 0
Cone 0 0 0 -1 -1 -1 -1 0.2032 0.2032 0.3048 3.2410655687327066 6.736001247738444 0.053163096737861626 0
Cone 0 0 0 -1 -1 -1 -1 0.2032 0.2032 0.3048 1.8845328651443005 3.0143129230287102 0.13166126906325418 0
Cone 0 0 0 -1 -1 -1 -1 0.2032 0.2032 0.3048 6.2350927594709615 10.289362192062514 -0.07613630483680302 0
Cone 0 0 0 -1 -1 -1 -1 0.2032 0.2032 0.3048 4.622184752148165 8.519815730484114 -0.013832970758421088 0
Cone 0 0 0 -1 -1 -1 -1 0.2032 0.2032 0.3048 6.062551644451904 12.310021474534912 -0.11150836901664735 0
