Cone 0 0 0 -1 -1 -1 -1 0.2032 0.2032 0.3048 -13.226204344622802 11.19985292213623 0.25988307787179943 0
Cone 0 0 0 -1 -1 -1 -1 0.2032 0.2032 0.3048 -14.42668924032898 13.342091038400573 0.22416652176603674 0
Cone 0 0 0 -1 -1 -1 -1 0.2032 0.2032 0.3048 -0.8712694898173332 18.169720008546754 -0.22488696085214616 0
Cone 0 0 0 -1 -1 -1 -1 0.2032 0.2032 0.3048 -2.091532322756958 13.209838178331298 -0.05536257581710816 0
Cone 0 0 0 -1 -1 -1 -1 0.2032 0.2032 0.3048 1.7425963497898525 9.118598630601806 -0.030241845946841782 0
Cone 0 0 0 -1 -1 -1 -1 0.2032 0.2032 0.3048 -10.082767499479166 15.340254778240764 0.04739896002610524 0
Cone 0 0 0 -1 -1 -1 -1 0.2032 0.2032 0.3048 1.108735605230277 15.879538542035435 -0.18756506655556815 0
Cone 0 0 0 -1 -1 -1 -1 0.2032 0.2032 0.3048 1.763361402015437 3.2325530720032294 0.12394697085667628 0
Cone 0 0 0 -1 -1 -1 -1 0.2032 0.2032 0.3048 -12.196468048286947 15.361054971391601 0.11214302895665168 0
Cone 0 0 0 -1 -1 -1 -1 0.2032 0.2032 0.3048 1.7465255528762818 7.156115844423218 0.01959120028416315 0
Cone 0 0 0 -1 -1 -1 -1 0.2032 0.2032 0.3048 -2.023120495067489 9.159013759637215 0.006509841632541976 0
Cone 0 0 0 -1 -1 -1 -1 0.2032 0.2032 0.3048 -6.2253836125061035 15.354729567542318 -0.03103639639218649 0
Cone 0 0 0 -1 -1 -1 -1 0.2032 0.2032 0.3048 -2.0506089955493927 11.178578110255302 -0.0040493973097631 0
Cone 0 0 0 -1 -1 -1 -1 0.2032 0.2032 0.3048 -2.0334405948644005 3.298200462832692 0.16848036415794243 0
Cone 0 0 0 -1 -1 -1 -1 0.2032 0.2032 0.3048 -4.06687356332194 15.35911027051473 -0.06922066665490469 0
Cone 0 0 0 -1 -1 -1 -1 0.2032 0.2032 0.3048 -8.118840548388672 15.317087803855184 -0.003488793540000923 0
Cone 0 0 0 -1 -1 -1 -1 0.2032 0.2032 0.3048 -2.9512874811813354 14.983947589570924 -0.11738049941062928 0
Cone 0 0 0 -1 -1 -1 -1 0.2032 0.2032 0.3048 -2.0291755676195145 5.244201018983763 0.11888429891392585 0
Cone 0 0 0 -1 -1 -1 -1 0.2032 0.2032 0.3048 1.75136702955513 5.1678904638435865 0.13577539640863737 0
Cone 0 0 0 -1 -1 -1 -1 0.2032 0.2032 0.3048 1.7327606416485255 11.140662956146375 -0.09081625233226354 0
Cone 0 0 0 -1 -1 -1 -1 0.2032 0.2032 0.3048 -2.046013686053467 7.203279966686808 0.10412996056874592 0
Cone 0 0 0 -1 -1 -1 -1 0.2032 0.2032 0.3048 1.732357581795078 13.154862583916692 -0.1376190164698495 0
Cone 0 0 0 -1 -1 -1 -1 0.2032 0.2032 0.3048 -4.103509137026977 19.151379945451662 -0.14554398314952852 0
