Cone 0 0 0 -1 -1 -1 -1 0.2032 0.2032 0.3048 -13.726412150256348 9.999548509294433 0.04005232744614283 0
Cone 0 0 0 -1 -1 -1 -1 0.2032 0.2032 0.3048 -14.5847278565094 13.68123753326599 0.0033988174617290423 0
Cone 0 0 0 -1 -1 -1 -1 0.2032 0.2032 0.3048 -9.34825377960256 8.482624406193338 -0.005348088411490131 0
Cone 0 0 0 -1 -1 -1 -1 0.2032 0.2032 0.3048 -11.497149480375162 9.227258597388508 0.04610332889556884 0
Cone 0 0 0 -1 -1 -1 -1 0.2032 0.2032 0.3048 -12.3973552515035 13.127575948411865 -0.014597385692596443 0
Cone 0 0 0 -1 -1 -1 -1 0.2032 0.2032 0.3048 -7.523545548312378 9.478049574866535 -0.026293221680323293 0
Cone 0 0 0 -1 -1 -1 -1 0.2032 0.2032 0.3048 -10.097333194378953 12.213855476893483 0.0015463152136121414 0
Cone 0 0 0 -1 -1 -1 -1 0.2032 0.2032 0.3048 -1.9703698711188422 3.527121297426994 0.05014616732663576 0
Cone 0 0 0 -1 -1 -1 -1 0.2032 0.2032 0.3048 -8.387316875649006 13.349276298855386 -0.07158408519426983 0
Cone 0 0 0 -1 -1 -1 -1 0.2032 0.2032 0.3048 -6.6673007458374025 14.789755799943848 -0.11254747169017794 0
Cone 0 0 0 -1 -1 -1 -1 0.2032 0.2032 0.3048 -2.3520508736297607 5.350714307269762 0.04681887106630536 0
Cone 0 0 0 -1 -1 -1 -1 0.2032 0.2032 0.3048 -5.705479104975043 11.11250333776869 -0.04618022961881426 0
Cone 0 0 0 -1 -1 -1 -1 0.2032 0.2032 0.3048 -3.1947318047210693 9.324733876333704 -0.02335692367042815 0
Cone 0 0 0 -1 -1 -1 -1 0.2032 0.2032 0.3048 -2.7563705772087097 7.249041869813842 0.010722585451602928 0
Cone 0 0 0 -1 -1 -1 -1 0.2032 0.2032 0.3048 -3.1518374572123213 14.567027706478676 -0.12631844636599224 0
Cone 0 0 0 -1 -1 -1 -1 0.2032 0.2032 0.3048 0.5336283080354214 10.02551202764906 -0.01784162511560653 0
Cone 0 0 0 -1 -1 -1 -1 0.2032 0.2032 0.3048 1.3432709544971466 6.096103503877563 0.06949995873570441 0
Cone 0 0 0 -1 -1 -1 -1 0.2032 0.2032 0.3048 1.768200117605416 4.211666742538057 0.11196258109447854 0
Cone 0 0 0 -1 -1 -1 -1 0.2032 0.2032 0.3048 2.2165806490824926 2.276348307306213 0.18841515112716647 0
Cone 0 0 0 -1 -1 -1 -1 0.2032 0.2032 0.3048 -0.6413345664665222 12.695403014197591 -0.09998326788478429 0
Cone 0 0 0 -1 -1 -1 -1 0.2032 0.2032 0.3048 -16.072997423999023 10.789554193193359 0.049743168485164635 0
Cone 0 0 0 -1 -1 -1 -1 0.2032 0.2032 0.3048 0.9179985195472717 8.064461066896362 0.049480744135379784 0
