Cone 0 0 0 -1 -1 -1 -1 0.2032 0.2032 0.3048 -12.938945528857422 9.377637460405273 -0.04883188860416413 0
Cone 0 0 0 -1 -1 -1 -1 0.2032 0.2032 0.3048 -14.078871660423788 11.537090534542642 -0.157032219884793 0
Cone 0 0 0 -1 -1 -1 -1 0.2032 0.2032 0.3048 -12.788602206103516 13.37469251411621 -0.27681260513067246 0
Cone 0 0 0 -1 -1 -1 -1 0.2032 0.2032 0.3048 -13.660136050309584 12.70346792 -0.24657296925915614 0
Cone 0 0 0 -1 -1 -1 -1 0.2032 0.2032 0.3048 -1.897277294304766 3.166766487703792 0.08647273257715359 0
Cone 0 0 0 -1 -1 -1 -1 0.2032 0.2032 0.3048 -9.597872230403137 17.245074823076173 -0.5013474445223809 0
Cone 0 0 0 -1 -1 -1 -1 0.2032 0.2032 0.3048 -7.7020774811431885 13.342536761934204 -0.37694789426326747 0
Cone 0 0 0 -1 -1 -1 -1 0.2032 0.2032 0.3048 -1.8467708806122463 5.063941691890004 -0.019508530267079677 0
Cone 0 0 0 -1 -1 -1 -1 0.2032 0.2032 0.3048 -1.7709070771858215 7.027392223054809 -0.10199980394840241 0
Cone 0 0 0 -1 -1 -1 -1 0.2032 0.2032 0.3048 -5.581763200951131 17.09049756782715 -0.5910709396680197 0
Cone 0 0 0 -1 -1 -1 -1 0.2032 0.2032 0.3048 -1.7683793451314291 9.058034049048665 -0.19866695023377737 0
Cone 0 0 0 -1 -1 -1 -1 0.2032 0.2032 0.3048 -0.3764968494499842 16.009042813951417 -0.5499404863198598 0
Cone 0 0 0 -1 -1 -1 -1 0.2032 0.2032 0.3048 1.5308408608113606 13.677820518190307 -0.43114537454446156 0
Cone 0 0 0 -1 -1 -1 -1 0.2032 0.2032 0.3048 2.032910900984361 8.881561967970242 -0.1919429105864631 0
Cone 0 0 0 -1 -1 -1 -1 0.2032 0.2032 0.3048 2.0921200895667664 10.88892401428769 -0.2865037516434987 0
Cone 0 0 0 -1 -1 -1 -1 0.2032 0.2032 0.3048 2.007506278164673 6.887452835415446 -0.09593260245323182 0
Cone 0 0 0 -1 -1 -1 -1 0.2032 0.2032 0.3048 1.9303943405623116 4.893999213551127 3.912144104638859e-05 0
Cone 0 0 0 -1 -1 -1 -1 0.2032 0.2032 0.3048 1.9127530250358793 2.97549515092503 0.12707426315661932 0
Cone 0 0 0 -1 -1 -1 -1 0.2032 0.2032 0.3048 -11.811843785636139 13.516920819456024 -0.31435773851275445 0
Cone 0 0 0 -1 -1 -1 -1 0.2032 0.2032 0.3048 -9.63669782180837 13.409003371571146 -0.3375526016632716 0
Cone 0 0 0 -1 -1 -1 -1 0.2032 0.2032 0.3048 -1.7062389809386478 10.991470887834472 -0.29800766805467155 0
Cone 0 0 0 -1 -1 -1 -1 0.2032 0.2032 0.3048 -2.538252962621562 12.843183114702148 -0.3787865435759227 0
