Cone 0 0 0 -1 -1 -1 -1 0.2032 0.2032 0.3048 -14.05009913145752 9.30974004524414 0.24068856431245803 0
Cone 0 0 0 -1 -1 -1 -1 0.2032 0.2032 0.3048 -12.927045199267578 11.328189256364745 0.16508895350694655 0
Cone 0 0 0 -1 -1 -1 -1 0.2032 0.2032 0.3048 -2.5353686541244507 15.692664220506591 -0.1625213966449102 0
Cone 0 0 0 -1 -1 -1 -1 0.2032 0.2032 0.3048 -2.0256832569763183 3.719144040917002 0.10426890665325854 0
Cone 0 0 0 -1 -1 -1 -1 0.2032 0.2032 0.3048 -6.7542337864562985 17.697314431840823 -0.18281740503311159 0
Cone 0 0 0 -1 -1 -1 -1 0.2032 0.2032 0.3048 1.4687757487882342 11.808990593470632 -0.10504586057662965 0
Cone 0 0 0 -1 -1 -1 -1 0.2032 0.2032 0.3048 -8.672625872485352 17.585775354082035 -0.11566320018768313 0
Cone 0 0 0 -1 -1 -1 -1 0.2032 0.2032 0.3048 -2.4362359493896486 13.708712651903076 -0.14214477794170383 0
Cone 0 0 0 -1 -1 -1 -1 0.2032 0.2032 0.3048 -2.317356753767613 11.686090270965227 -0.07285429771116803 0
Cone 0 0 0 -1 -1 -1 -1 0.2032 0.2032 0.3048 1.7780500155761718 3.838190055861714 0.07592397995988527 0
Cone 0 0 0 -1 -1 -1 -1 0.2032 0.2032 0.3048 1.5281422585323334 9.746773984605712 -0.04195004137158395 0
Cone 0 0 0 -1 -1 -1 -1 0.2032 0.2032 0.3048 1.678820553429413 5.840747192079467 0.06822776837348937 0
Cone 0 0 0 -1 -1 -1 -1 0.2032 0.2032 0.3048 -2.2745674140103853 9.670270678436935 -0.02920787062278162 0
Cone 0 0 0 -1 -1 -1 -1 0.2032 0.2032 0.3048 1.3850359886959076 13.77428705948059 -0.14758646445274354 0
Cone 0 0 0 -1 -1 -1 -1 0.2032 0.2032 0.3048 1.3027914136722565 15.800492837602539 -0.21235999422073365 0
Cone 0 0 0 -1 -1 -1 -1 0.2032 0.2032 0.3048 -3.4574916428253175 17.434906518632815 -0.20868580894470218 0
Cone 0 0 0 -1 -1 -1 -1 0.2032 0.2032 0.3048 -2.1969476669952392 7.734676753058675 -0.01639049457311631 0
Cone 0 0 0 -1 -1 -1 -1 0.2032 0.2032 0.3048 -4.572821053855133 17.718226983720704 -0.1265788223028183 0
Cone 0 0 0 -1 -1 -1 -1 0.2032 0.2032 0.3048 1.6230228811576843 7.798351481134338 0.005041018557548516 0
Cone 0 0 0 -1 -1 -1 -1 0.2032 0.2032 0.3048 0.5889621347263336 18.53054244774048 -0.23773944334983826 0
Cone 0 0 0 -1 -1 -1 -1 0.2032 0.2032 0.3048 -2.0969447026575727 5.766172959978027 0.07150425804853437 0
