Cone 0 0 0 -1 -1 -1 -1 0.2032 0.2032 0.3048 -7.874879333369446 14.362844779664917 -0.16687092514634133 0
Cone 0 0 0 -1 -1 -1 -1 0.2032 0.2032 0.3048 1.9290923133184776 10.029683523412725 -0.09644207773942215 0
Cone 0 0 0 -1 -1 -1 -1 0.2032 0.2032 0.3048 -3.8080564707443236 14.330035760576171 -0.2344627554893494 0
Cone 0 0 0 -1 -1 -1 -1 0.2032 0.2032 0.3048 -7.817246767871094 18.21837734637126 -0.2780125484546026 0
Cone 0 0 0 -1 -1 -1 -1 0.2032 0.2032 0.3048 1.9706331044509888 12.028803460771485 -0.17950776057243348 0
Cone 0 0 0 -1 -1 -1 -1 0.2032 0.2032 0.3048 -1.9223056203413762 2.2484147810864696 0.09352369378480042 0
Cone 0 0 0 -1 -1 -1 -1 0.2032 0.2032 0.3048 -1.9073815943155379 4.215606093693702 0.10914640978674094 0
Cone 0 0 0 -1 -1 -1 -1 0.2032 0.2032 0.3048 -0.5690081049924215 17.113089794491373 -0.32280963616371156 0
Cone 0 0 0 -1 -1 -1 -1 0.2032 0.2032 0.3048 -13.798416309547934 13.634959136023763 -0.045973774858315795 0
Cone 0 0 0 -1 -1 -1 -1 0.2032 0.2032 0.3048 -1.8469529628679275 12.111792280847475 -0.1905795033454895 0
Cone 0 0 0 -1 -1 -1 -1 0.2032 0.2032 0.3048 -1.90596922677863 6.1357519686254 0.020501458648272915 0
Cone 0 0 0 -1 -1 -1 -1 0.2032 0.2032 0.3048 1.8735030606463432 4.088363874529444 0.14231882498363652 0
Cone 0 0 0 -1 -1 -1 -1 0.2032 0.2032 0.3048 1.8547173730243738 2.117776314520328 0.19129713207007062 0
Cone 0 0 0 -1 -1 -1 -1 0.2032 0.2032 0.3048 11.201624062664795 6.431531026536865 0.25180929755866527 0
Cone 0 0 0 -1 -1 -1 -1 0.2032 0.2032 0.3048 -2.7192331284210205 13.997562482530517 -0.23167516248226167 0
Cone 0 0 0 -1 -1 -1 -1 0.2032 0.2032 0.3048 -5.826693918631321 18.179827181406793 -0.33322227951685585 0
Cone 0 0 0 -1 -1 -1 -1 0.2032 0.2032 0.3048 -12.968957913907879 14.305450608903808 -0.11087415970166525 0
Cone 0 0 0 -1 -1 -1 -1 0.2032 0.2032 0.3048 -9.80613481964586 14.396069918647054 -0.15704061710304687 0
Cone 0 0 0 -1 -1 -1 -1 0.2032 0.2032 0.3048 -11.972046626600138 14.444775417024536 -0.15424062517086667 0
Cone 0 0 0 -1 -1 -1 -1 0.2032 0.2032 0.3048 1.375201086541833 14.824353345143772 -0.2652298207759857 0
Cone 0 0 0 -1 -1 -1 -1 0.2032 0.2032 0.3048 -3.81825877526652 18.19071157234375 -0.34273102836608893 0
Cone 0 0 0 -1 -1 -1 -1 0.2032 0.2032 0.3048 1.9204342343724405 8.024042645984217 -0.04537425738428976 0
Cone 0 0 0 -1 -1 -1 -1 0.2032 0.2032 0.3048 1.9020614494954426 6.062921439185384 0.06529013110399245 0
Cone 0 0 0 -1 -1 -1 -1 0.2032 0.2032 0.3048 -1.8532281534464943 8.119824021868647 -0.05301861152421863 0
Cone 0 0 0 -1 -1 -1 -1 0.2032 0.2032 0.3048 -1.8675779829348245 10.171270782326305 -0.12100597614347938 0
Cone 0 0 0 -1 -1 -1 -1 0.2032 0.2032 0.3048 -5.970261725775909 14.34313996093933 -0.22487590791583062 0
Cone 0 0 0 -1 -1 -1 -1 0.2032 0.2032 0.3048 -13.04906194706014 10.308940961534423 0.06784521210392315 0
