Cone 0 0 0 -1 -1 -1 -1 0.2032 0.2032 0.3048 -5.533211649450175 6.661369644179585 -0.12324860351085665 0
Cone 0 0 0 -1 -1 -1 -1 0.2032 0.2032 0.3048 -5.594371072112698 8.963299804172228 -0.178151248131858 0
Cone 0 0 0 -1 -1 -1 -1 0.2032 0.2032 0.3048 -10.4295525282547 15.389568283731384 -0.4477449129700661 0
Cone 0 0 0 -1 -1 -1 -1 0.2032 0.2032 0.3048 -9.385221176338705 13.745788807247722 -0.3928616340637207 0
Cone 0 0 0 -1 -1 -1 -1 0.2032 0.2032 0.3048 -5.707872483126831 11.400708034212036 -0.2417979757666588 0
Cone 0 0 0 -1 -1 -1 -1 0.2032 0.2032 0.3048 -7.259910437457275 12.73634965675537 -0.3487884994029999 0
Cone 0 0 0 -1 -1 -1 -1 0.2032 0.2032 0.3048 -2.248181673876953 6.3485383138802085 -0.06412326253255209 0
Cone 0 0 0 -1 -1 -1 -1 0.2032 0.2032 0.3048 -4.045134636752319 14.820124223405761 -0.3493855293273926 0
Cone 0 0 0 -1 -1 -1 -1 0.2032 0.2032 0.3048 -2.211779463520256 8.840744546768565 -0.08634499476675006 0
Cone 0 0 0 -1 -1 -1 -1 0.2032 0.2032 0.3048 -2.4886990715985613 13.474393282904867 -0.2775214434345563 0
Cone 0 0 0 -1 -1 -1 -1 0.2032 0.2032 0.3048 -2.42970874408137 11.107058042858682 -0.16730688320398332 0
Cone 0 0 0 -1 -1 -1 -1 0.2032 0.2032 0.3048 -0.5889263441090902 5.137843539888305 -0.0020930653492609733 0
Cone 0 0 0 -1 -1 -1 -1 0.2032 0.2032 0.3048 1.337592722979673 4.058087403153024 0.07543980093747375 0
