Cone 0 0 0 -1 -1 -1 -1 0.2032 0.2032 0.3048 -15.958458913358562 10.490871980363769 0.15550959153175353 0
Cone 0 0 0 -1 -1 -1 -1 0.2032 0.2032 0.3048 -11.891983124606323 9.96480686920349 0.14692434152662753 0
Cone 0 0 0 -1 -1 -1 -1 0.2032 0.2032 0.3048 -13.998183819644165 11.138977124864502 0.13552376950234174 0
Cone 0 0 0 -1 -1 -1 -1 0.2032 0.2032 0.3048 -10.041717383258057 12.805024221116943 0.04151912449002265 0
Cone 0 0 0 -1 -1 -1 -1 0.2032 0.2032 0.3048 -12.10076917508494 13.783733521476034 0.08324616942008335 0
Cone 0 0 0 -1 -1 -1 -1 0.2032 0.2032 0.3048 -7.964679969343058 11.488043064449869 -0.0018975705583890376 0
Cone 0 0 0 -1 -1 -1 -1 0.2032 0.2032 0.3048 -5.94176867901535 8.30702994258004 0.023099073617325883 0
Cone 0 0 0 -1 -1 -1 -1 0.2032 0.2032 0.3048 -6.050669384988658 12.290794367168985 -0.0075025026430686394 0
Cone 0 0 0 -1 -1 -1 -1 0.2032 0.2032 0.3048 -1.650110840534537 3.356555219210684 0.06753195653344904 0
Cone 0 0 0 -1 -1 -1 -1 0.2032 0.2032 0.3048 -3.849716186184862 9.538019108680858 -0.01635029248197874 0
Cone 0 0 0 -1 -1 -1 -1 0.2032 0.2032 0.3048 -1.937129609776052 8.370196217869363 -0.006384809382756558 0
Cone 0 0 0 -1 -1 -1 -1 0.2032 0.2032 0.3048 -2.645033523432922 9.165784364941928 -0.037123612630367286 0
Cone 0 0 0 -1 -1 -1 -1 0.2032 0.2032 0.3048 -1.687994930140686 5.2363246863828525 0.04932827297051747 0
Cone 0 0 0 -1 -1 -1 -1 0.2032 0.2032 0.3048 2.0715130557690937 5.357652499849243 0.03467430415948231 0
Cone 0 0 0 -1 -1 -1 -1 0.2032 0.2032 0.3048 2.1615910857990266 3.445225968534393 0.13546069667438665 0
Cone 0 0 0 -1 -1 -1 -1 0.2032 0.2032 0.3048 -4.133494337061225 13.414960034596897 -0.07473854512108698 0
Cone 0 0 0 -1 -1 -1 -1 0.2032 0.2032 0.3048 -7.896777650706482 7.663566758806152 0.06622546432614326 0
Cone 0 0 0 -1 -1 -1 -1 0.2032 0.2032 0.3048 -9.904177042834473 8.845842912370605 0.1430366769999266 0
Cone 0 0 0 -1 -1 -1 -1 0.2032 0.2032 0.3048 -0.7290376355176289 12.520464653347574 -0.11732819136778513 0
Cone 0 0 0 -1 -1 -1 -1 0.2032 0.2032 0.3048 1.3600418769725378 10.12609025628167 -0.07033213764561548 0
