Cone 0 0 0 -1 -1 -1 -1 0.2032 0.2032 0.3048 -11.955161213536242 9.94322990832194 0.10175729171964855 0
Cone 0 0 0 -1 -1 -1 -1 0.2032 0.2032 0.3048 -7.973486012544081 6.014592854090508 0.05587018158568275 0
Cone 0 0 0 -1 -1 -1 -1 0.2032 0.2032 0.3048 -6.070780826600902 6.0487013206627385 0.06519986049036183 0
Cone 0 0 0 -1 -1 -1 -1 0.2032 0.2032 0.3048 -9.957086059443665 9.88674294409617 0.043173412911097206 0
Cone 0 0 0 -1 -1 -1 -1 0.2032 0.2032 0.3048 -7.952164000596449 9.856467903893499 0.004896023636394071 0
Cone 0 0 0 -1 -1 -1 -1 0.2032 0.2032 0.3048 1.2455276519134522 6.563506995215658 0.052001188627878815 0
Cone 0 0 0 -1 -1 -1 -1 0.2032 0.2032 0.3048 -1.9455477382664998 3.8703190121796154 0.10474815222819645 0
Cone 0 0 0 -1 -1 -1 -1 0.2032 0.2032 0.3048 -0.7207780240472702 8.793296047906436 -0.029163526562849686 0
Cone 0 0 0 -1 -1 -1 -1 0.2032 0.2032 0.3048 -3.9472343176528932 9.840880245541179 -0.016046085772911715 0
Cone 0 0 0 -1 -1 -1 -1 0.2032 0.2032 0.3048 -2.138511720292282 4.848869815046234 0.06154076984226702 0
Cone 0 0 0 -1 -1 -1 -1 0.2032 0.2032 0.3048 -2.7984811594014483 5.639104758277179 0.07160044256051379 0
Cone 0 0 0 -1 -1 -1 -1 0.2032 0.2032 0.3048 1.859570578145472 3.81324986395701 0.1429075682108601 0
Cone 0 0 0 -1 -1 -1 -1 0.2032 0.2032 0.3048 -3.921743366114807 6.031237517371419 0.02261639429330825 0
Cone 0 0 0 -1 -1 -1 -1 0.2032 0.2032 0.3048 -5.964791552076394 9.846083732165395 0.002703909260034554 0
