Cone 0 0 0 -1 -1 -1 -1 0.2032 0.2032 0.3048 -14.025614751371256 10.428513759945476 0.1103082899570465 0
Cone 0 0 0 -1 -1 -1 -1 0.2032 0.2032 0.3048 -7.787046948730129 6.8207286763160075 0.055305279944561136 0
Cone 0 0 0 -1 -1 -1 -1 0.2032 0.2032 0.3048 -9.881362189983696 8.200440617121755 0.04688552011677196 0
Cone 0 0 0 -1 -1 -1 -1 0.2032 0.2032 0.3048 -11.926797667800566 9.206071238956163 0.03660024745464324 0
Cone 0 0 0 -1 -1 -1 -1 0.2032 0.2032 0.3048 -5.879659455319449 7.593366243645958 0.015373095611425535 0
Cone 0 0 0 -1 -1 -1 -1 0.2032 0.2032 0.3048 -2.502194067828369 4.442821624452514 0.05353483501275379 0
Cone 0 0 0 -1 -1 -1 -1 0.2032 0.2032 0.3048 -1.6593300213944098 2.693253664927146 0.11104378530190448 0
Cone 0 0 0 -1 -1 -1 -1 0.2032 0.2032 0.3048 -3.931881630183998 8.633940935858577 -0.025937031811934255 0
Cone 0 0 0 -1 -1 -1 -1 0.2032 0.2032 0.3048 -1.8233254720692953 3.649279309552221 0.08295645442141425 0
Cone 0 0 0 -1 -1 -1 -1 0.2032 0.2032 0.3048 1.5095434286839076 5.406444010567451 0.05119196687766483 0
Cone 0 0 0 -1 -1 -1 -1 0.2032 0.2032 0.3048 2.177782443173218 2.6174897414856253 0.1521554486978385 0
Cone 0 0 0 -1 -1 -1 -1 0.2032 0.2032 0.3048 12.74913707078247 11.028765275651855 -0.20669174151420594 0
