Cone 0 0 0 -1 -1 -1 -1 0.2032 0.2032 0.3048 -13.604758712641907 11.72840531128113 -0.031534416171908386 0
Cone 0 0 0 -1 -1 -1 -1 0.2032 0.2032 0.3048 -14.077699038378906 10.58798539894287 0.0016162831902503893 0
Cone 0 0 0 -1 -1 -1 -1 0.2032 0.2032 0.3048 -11.762088868014526 12.500476116512859 -0.13488985306819282 0
Cone 0 0 0 -1 -1 -1 -1 0.2032 0.2032 0.3048 -12.761491724841308 12.37163846748535 -0.14320831255912783 0
Cone 0 0 0 -1 -1 -1 -1 0.2032 0.2032 0.3048 -9.61943540274353 12.396571630810344 -0.22638024843533835 0
Cone 0 0 0 -1 -1 -1 -1 0.2032 0.2032 0.3048 -9.490868740273031 16.203559631680097 -0.338595312901338 0
Cone 0 0 0 -1 -1 -1 -1 0.2032 0.2032 0.3048 -11.504551455371093 16.324292257005617 -0.3392025287628174 0
Cone 0 0 0 -1 -1 -1 -1 0.2032 0.2032 0.3048 -7.478548778089396 16.09110307154521 -0.34615201211770374 0
Cone 0 0 0 -1 -1 -1 -1 0.2032 0.2032 0.3048 -1.916503136018096 3.9492647064142514 0.04838874730666478 0
Cone 0 0 0 -1 -1 -1 -1 0.2032 0.2032 0.3048 -5.51791820227356 16.03757961052124 -0.3766978006243706 0
Cone 0 0 0 -1 -1 -1 -1 0.2032 0.2032 0.3048 -3.575309408697001 12.101819271420085 -0.307517547972997 0
Cone 0 0 0 -1 -1 -1 -1 0.2032 0.2032 0.3048 -1.7974450369601567 5.8770164793477875 -0.08151053718527158 0
Cone 0 0 0 -1 -1 -1 -1 0.2032 0.2032 0.3048 -1.6966483692253747 9.852996510838114 -0.19856209985216464 0
Cone 0 0 0 -1 -1 -1 -1 0.2032 0.2032 0.3048 -2.4959917197550454 11.675259187395019 -0.30491210974057514 0
Cone 0 0 0 -1 -1 -1 -1 0.2032 0.2032 0.3048 -0.2792338261927287 14.81498471356893 -0.44783223625818885 0
Cone 0 0 0 -1 -1 -1 -1 0.2032 0.2032 0.3048 1.5956725341156006 12.484988916093748 -0.3463604934692383 0
Cone 0 0 0 -1 -1 -1 -1 0.2032 0.2032 0.3048 2.015585985787201 7.669764831239624 -0.12269319550991059 0
Cone 0 0 0 -1 -1 -1 -1 0.2032 0.2032 0.3048 2.1019692705811606 9.672762481280143 -0.22777708411349193 0
Cone 0 0 0 -1 -1 -1 -1 0.2032 0.2032 0.3048 1.962924030430603 5.690762444908065 -0.06125724458992482 0
Cone 0 0 0 -1 -1 -1 -1 0.2032 0.2032 0.3048 1.8765375733449936 3.7619052205798877 0.05287757053247518 0
Cone 0 0 0 -1 -1 -1 -1 0.2032 0.2032 0.3048 -7.676753017298889 12.294972255403442 -0.21101025076508523 0
