Cone 0 0 0 -1 -1 -1 -1 0.2032 0.2032 0.3048 -15.043192876371256 9.975216462785644 0.12101609551111857 0
Cone 0 0 0 -1 -1 -1 -1 0.2032 0.2032 0.3048 -13.913762529352486 11.971532312937553 0.022857419747776445 0
Cone 0 0 0 -1 -1 -1 -1 0.2032 0.2032 0.3048 -12.741496280679756 13.944677290749338 -0.24617391568933217 0
Cone 0 0 0 -1 -1 -1 -1 0.2032 0.2032 0.3048 -1.810317176147243 2.24352998511505 0.10332046955987101 0
Cone 0 0 0 -1 -1 -1 -1 0.2032 0.2032 0.3048 1.6723913651779174 12.226300962144775 -0.3442544944763184 0
Cone 0 0 0 -1 -1 -1 -1 0.2032 0.2032 0.3048 1.903841173545894 4.274793442881966 -0.022386094057118458 0
Cone 0 0 0 -1 -1 -1 -1 0.2032 0.2032 0.3048 -2.075929731548909 10.169170201679426 -0.2514076212653092 0
Cone 0 0 0 -1 -1 -1 -1 0.2032 0.2032 0.3048 1.5660213699017842 16.22190339821045 -0.5641955927689871 0
Cone 0 0 0 -1 -1 -1 -1 0.2032 0.2032 0.3048 1.7679080020934888 8.238344123549462 -0.1828327717725486 0
Cone 0 0 0 -1 -1 -1 -1 0.2032 0.2032 0.3048 -2.0200812697336197 8.223684759181053 -0.15208527320093582 0
Cone 0 0 0 -1 -1 -1 -1 0.2032 0.2032 0.3048 1.9788697861422264 2.319611965279139 0.07714626494071311 0
Cone 0 0 0 -1 -1 -1 -1 0.2032 0.2032 0.3048 1.831753638394165 6.239163393353068 -0.0947445875088374 0
Cone 0 0 0 -1 -1 -1 -1 0.2032 0.2032 0.3048 -1.8865660123452663 4.154682591134948 -0.014086165967583664 0
Cone 0 0 0 -1 -1 -1 -1 0.2032 0.2032 0.3048 -2.3163528571451826 18.154495790178224 -0.6125721231778463 0
Cone 0 0 0 -1 -1 -1 -1 0.2032 0.2032 0.3048 1.7248763890954912 10.210229712934302 -0.2507066516937631 0
Cone 0 0 0 -1 -1 -1 -1 0.2032 0.2032 0.3048 1.530014660961914 18.209339692766115 -0.631182491350174 0
Cone 0 0 0 -1 -1 -1 -1 0.2032 0.2032 0.3048 -1.9422815769836426 6.1339417244738765 -0.09265145020484924 0
Cone 0 0 0 -1 -1 -1 -1 0.2032 0.2032 0.3048 -2.2416236529673257 16.21124338564738 -0.5332269962310792 0
Cone 0 0 0 -1 -1 -1 -1 0.2032 0.2032 0.3048 1.6470321089103699 14.233078315431518 -0.449595100748539 0
Cone 0 0 0 -1 -1 -1 -1 0.2032 0.2032 0.3048 -2.556748899810028 19.184700086290285 -0.6772743608236313 0
Cone 0 0 0 -1 -1 -1 -1 0.2032 0.2032 0.3048 -2.1152498930618284 12.143055068030598 -0.34037643826802577 0
