Cone 0 0 0 -1 -1 -1 -1 0.2032 0.2032 0.3048 -13.298442932955933 8.671666338617248 -0.058112106788158424 0
Cone 0 0 0 -1 -1 -1 -1 0.2032 0.2032 0.3048 -9.401437168312583 8.315638497049255 -0.08777784662246706 0
Cone 0 0 0 -1 -1 -1 -1 0.2032 0.2032 0.3048 -7.428092055511983 8.192954614335937 -0.0899210096081098 0
Cone 0 0 0 -1 -1 -1 -1 0.2032 0.2032 0.3048 -11.286730830065919 8.494859903032225 -0.05744899647235872 0
Cone 0 0 0 -1 -1 -1 -1 0.2032 0.2032 0.3048 -2.685997717571767 3.6031194474047847 0.04151904750068982 0
Cone 0 0 0 -1 -1 -1 -1 0.2032 0.2032 0.3048 -2.0481674577276583 2.704656746009079 0.10479104268956514 0
Cone 0 0 0 -1 -1 -1 -1 0.2032 0.2032 0.3048 -5.407348911688571 7.978925350945501 -0.13932650649017758 0
Cone 0 0 0 -1 -1 -1 -1 0.2032 0.2032 0.3048 -3.385627311034938 7.796046705760061 -0.14868038126059943 0
Cone 0 0 0 -1 -1 -1 -1 0.2032 0.2032 0.3048 1.5126546475696774 3.9928982965561834 0.046961077814631984 0
Cone 0 0 0 -1 -1 -1 -1 0.2032 0.2032 0.3048 -0.4318592578098297 6.616911366159362 -0.057349964547157295 0
