Cone 0 0 0 -1 -1 -1 -1 0.2032 0.2032 0.3048 -6.177598330371094 10.656327003811441 -0.19240051340858141 0
Cone 0 0 0 -1 -1 -1 -1 0.2032 0.2032 0.3048 -8.133106562487793 14.460637516354165 -0.34809050318400064 0
Cone 0 0 0 -1 -1 -1 -1 0.2032 0.2032 0.3048 -4.034454199664307 10.679491117174072 -0.24691779496073724 0
Cone 0 0 0 -1 -1 -1 -1 0.2032 0.2032 0.3048 -2.1051689055629548 8.87601474381948 -0.18556928840080894 0
Cone 0 0 0 -1 -1 -1 -1 0.2032 0.2032 0.3048 -2.918084256840261 10.282831742937011 -0.252425317533811 0
Cone 0 0 0 -1 -1 -1 -1 0.2032 0.2032 0.3048 -4.134326470884196 14.498663499528808 -0.37859897769292195 0
Cone 0 0 0 -1 -1 -1 -1 0.2032 0.2032 0.3048 1.1261375284931605 11.258860132337917 -0.28034461163944674 0
Cone 0 0 0 -1 -1 -1 -1 0.2032 0.2032 0.3048 1.780534492937215 6.508642111792806 -0.07080811219215394 0
Cone 0 0 0 -1 -1 -1 -1 0.2032 0.2032 0.3048 1.7701353330062142 8.490819153618599 -0.16528969037759875 0
Cone 0 0 0 -1 -1 -1 -1 0.2032 0.2032 0.3048 1.8213844283780052 4.561244414253248 0.033070159174714765 0
Cone 0 0 0 -1 -1 -1 -1 0.2032 0.2032 0.3048 -1.974704655997467 6.573797896081848 -0.08064788537025452 0
Cone 0 0 0 -1 -1 -1 -1 0.2032 0.2032 0.3048 -6.135044190280151 14.469791486436767 -0.357305027115345 0
Cone 0 0 0 -1 -1 -1 -1 0.2032 0.2032 0.3048 -10.147707411639404 14.465276887590331 -0.29202037410736087 0
