Cone 0 0 0 -1 -1 -1 -1 0.2032 0.2032 0.3048 -13.855641409747314 13.490251615220947 -0.21062754647731782 0
Cone 0 0 0 -1 -1 -1 -1 0.2032 0.2032 0.3048 -12.65181928744594 15.442203890996675 -0.46854966552144006 0
Cone 0 0 0 -1 -1 -1 -1 0.2032 0.2032 0.3048 1.731893242690168 13.349829815969937 -0.46686663329260686 0
Cone 0 0 0 -1 -1 -1 -1 0.2032 0.2032 0.3048 -2.0857429236099243 13.371630361253661 -0.49393927412033084 0
Cone 0 0 0 -1 -1 -1 -1 0.2032 0.2032 0.3048 1.7360945413584392 17.335481240922853 -0.6971057549794516 0
Cone 0 0 0 -1 -1 -1 -1 0.2032 0.2032 0.3048 -2.1135512024089813 19.317913367921754 -0.7939802999973298 0
Cone 0 0 0 -1 -1 -1 -1 0.2032 0.2032 0.3048 -2.0716781438948195 9.430746521906515 -0.2773473650079785 0
Cone 0 0 0 -1 -1 -1 -1 0.2032 0.2032 0.3048 -2.051810595385742 5.368549129606594 -0.05805221819347806 0
Cone 0 0 0 -1 -1 -1 -1 0.2032 0.2032 0.3048 -2.0496551324849444 3.4456150825566474 0.0491157408128182 0
Cone 0 0 0 -1 -1 -1 -1 0.2032 0.2032 0.3048 -2.0655304521247864 11.409043338472289 -0.38238061623573305 0
Cone 0 0 0 -1 -1 -1 -1 0.2032 0.2032 0.3048 1.7432035476043701 15.376854811682943 -0.5660046434084575 0
Cone 0 0 0 -1 -1 -1 -1 0.2032 0.2032 0.3048 -2.0787266820594787 7.347522571260376 -0.1605315949201584 0
Cone 0 0 0 -1 -1 -1 -1 0.2032 0.2032 0.3048 1.7326361221149444 11.308547780687256 -0.35889557259082794 0
Cone 0 0 0 -1 -1 -1 -1 0.2032 0.2032 0.3048 1.7802874870354302 3.4576865037387012 0.0399774163620212 0
Cone 0 0 0 -1 -1 -1 -1 0.2032 0.2032 0.3048 1.721102169163513 19.320406701738282 -0.8086037452697754 0
Cone 0 0 0 -1 -1 -1 -1 0.2032 0.2032 0.3048 -2.0823583731974282 17.41940267341797 -0.7100274260520937 0
Cone 0 0 0 -1 -1 -1 -1 0.2032 0.2032 0.3048 1.7159615718730503 9.349509217912596 -0.2600906705538432 0
Cone 0 0 0 -1 -1 -1 -1 0.2032 0.2032 0.3048 1.7367477850855932 5.379042249164293 -0.056162525780995703 0
Cone 0 0 0 -1 -1 -1 -1 0.2032 0.2032 0.3048 1.734238571929423 7.372013642961426 -0.19472139037450154 0
Cone 0 0 0 -1 -1 -1 -1 0.2032 0.2032 0.3048 -2.0472355812713623 15.35721039233073 -0.571604082552592 0
