Cone 0 0 0 -1 -1 -1 -1 0.2032 0.2032 0.3048 -14.884227606646729 9.916127278978271 0.18803420333266258 0
Cone 0 0 0 -1 -1 -1 -1 0.2032 0.2032 0.3048 -14.746862861506653 11.875888660127563 0.13240877209305763 0
Cone 0 0 0 -1 -1 -1 -1 0.2032 0.2032 0.3048 -12.221535949898275 11.811537657752279 0.018254894447326652 0
Cone 0 0 0 -1 -1 -1 -1 0.2032 0.2032 0.3048 -10.248184153430175 11.645292260820312 -0.06582587169408799 0
Cone 0 0 0 -1 -1 -1 -1 0.2032 0.2032 0.3048 -8.248041165861002 11.493246788357341 -0.07168420112927755 0
Cone 0 0 0 -1 -1 -1 -1 0.2032 0.2032 0.3048 -11.823325130335999 15.601505830461427 -0.1069908994615078 0
Cone 0 0 0 -1 -1 -1 -1 0.2032 0.2032 0.3048 -1.7448269409363586 2.82442288331652 0.1307005235948289 0
Cone 0 0 0 -1 -1 -1 -1 0.2032 0.2032 0.3048 -6.254180285327148 11.328209188157958 -0.09011346952915192 0
Cone 0 0 0 -1 -1 -1 -1 0.2032 0.2032 0.3048 -7.984281711769611 15.320296679511312 -0.21924637711842854 0
Cone 0 0 0 -1 -1 -1 -1 0.2032 0.2032 0.3048 -2.8008686631843567 4.830586209470672 0.09028028180897235 0
Cone 0 0 0 -1 -1 -1 -1 0.2032 0.2032 0.3048 -2.6349242657348633 6.817819669420166 0.02832122189998626 0
Cone 0 0 0 -1 -1 -1 -1 0.2032 0.2032 0.3048 -2.4784745806381223 8.891203310663148 -0.022059950101375587 0
Cone 0 0 0 -1 -1 -1 -1 0.2032 0.2032 0.3048 -3.2317974171961468 10.743996993079428 -0.07578303453127544 0
Cone 0 0 0 -1 -1 -1 -1 0.2032 0.2032 0.3048 -4.259547167015585 11.146763955130819 -0.08939486947456998 0
Cone 0 0 0 -1 -1 -1 -1 0.2032 0.2032 0.3048 -3.9641550511047363 15.029818529461465 -0.2551866840004921 0
Cone 0 0 0 -1 -1 -1 -1 0.2032 0.2032 0.3048 -2.55286105548105 9.803629248607676 -0.06801277021631903 0
Cone 0 0 0 -1 -1 -1 -1 0.2032 0.2032 0.3048 -14.210949274890137 12.030862008109334 0.019457540593544636 0
Cone 0 0 0 -1 -1 -1 -1 0.2032 0.2032 0.3048 -0.9877807693274603 13.856881851528728 -0.17444170802964107 0
Cone 0 0 0 -1 -1 -1 -1 0.2032 0.2032 0.3048 1.008529769388326 11.149631256435955 -0.11701594126025838 0
Cone 0 0 0 -1 -1 -1 -1 0.2032 0.2032 0.3048 0.9923108418856939 4.565432845130207 0.11896548848052818 0
Cone 0 0 0 -1 -1 -1 -1 0.2032 0.2032 0.3048 1.1526265710666657 6.517647777571919 0.09513627408146856 0
Cone 0 0 0 -1 -1 -1 -1 0.2032 0.2032 0.3048 2.0746289607896067 2.5150816731338903 0.19005473189406016 0
Cone 0 0 0 -1 -1 -1 -1 0.2032 0.2032 0.3048 1.3148072205913088 8.534420543344602 -0.014933413015376967 0
