Cone 0 0 0 -1 -1 -1 -1 0.2032 0.2032 0.3048 -10.342407027541777 7.691347805567559 -0.008146730132897698 0
Cone 0 0 0 -1 -1 -1 -1 0.2032 0.2032 0.3048 -14.5256617993042 11.319485738450927 -0.055589099295934044 0
Cone 0 0 0 -1 -1 -1 -1 0.2032 0.2032 0.3048 -12.550232741229248 11.417370075558267 -0.06332749706308048 0
Cone 0 0 0 -1 -1 -1 -1 0.2032 0.2032 0.3048 -8.317331247520956 7.788801128243051 0.02671691631972789 0
Cone 0 0 0 -1 -1 -1 -1 0.2032 0.2032 0.3048 -10.542553278796387 11.503362252885742 -0.06894949035644532 0
Cone 0 0 0 -1 -1 -1 -1 0.2032 0.2032 0.3048 -8.544483754031372 11.586729123765869 -0.054800981847445175 0
Cone 0 0 0 -1 -1 -1 -1 0.2032 0.2032 0.3048 -6.345147241147868 7.879356559026217 0.024124207776784885 0
Cone 0 0 0 -1 -1 -1 -1 0.2032 0.2032 0.3048 -4.346980009800042 7.97077028477322 0.06257199596895112 0
Cone 0 0 0 -1 -1 -1 -1 0.2032 0.2032 0.3048 -6.55410177408905 11.715373494798582 0.01202604590058326 0
Cone 0 0 0 -1 -1 -1 -1 0.2032 0.2032 0.3048 -2.0306934287076315 3.6114434307561747 0.12573857139249642 0
Cone 0 0 0 -1 -1 -1 -1 0.2032 0.2032 0.3048 -2.4093913763687134 8.022300496274871 0.026319666263461106 0
Cone 0 0 0 -1 -1 -1 -1 0.2032 0.2032 0.3048 -4.541088276100667 11.811751280799154 0.01868348052799701 0
Cone 0 0 0 -1 -1 -1 -1 0.2032 0.2032 0.3048 -0.5934829989994684 12.009764228835348 0.019952524882555 0
Cone 0 0 0 -1 -1 -1 -1 0.2032 0.2032 0.3048 1.6731032401397705 5.65637399213974 0.08191682441234588 0
Cone 0 0 0 -1 -1 -1 -1 0.2032 0.2032 0.3048 1.7704821173708234 3.80925230157127 0.1473968261443433 0
Cone 0 0 0 -1 -1 -1 -1 0.2032 0.2032 0.3048 1.4351444830571494 12.009279865597328 0.01656653377612431 0
Cone 0 0 0 -1 -1 -1 -1 0.2032 0.2032 0.3048 -2.5721192806884767 11.910002377206727 0.014292347860336296 0
