Cone 0 0 0 -1 -1 -1 -1 0.2032 0.2032 0.3048 -14.217672488085938 12.507126405412597 -0.21736743407249454 0
Cone 0 0 0 -1 -1 -1 -1 0.2032 0.2032 0.3048 -13.091986605517578 14.518480088884276 -0.3526410575389862 0
Cone 0 0 0 -1 -1 -1 -1 0.2032 0.2032 0.3048 -1.8781384986564635 3.0992331752922566 0.07117847555081047 0
Cone 0 0 0 -1 -1 -1 -1 0.2032 0.2032 0.3048 1.0317932859137535 19.058885171586915 -0.7118327762365342 0
Cone 0 0 0 -1 -1 -1 -1 0.2032 0.2032 0.3048 -2.669997228177897 17.049811914140626 -0.6662741994539897 0
Cone 0 0 0 -1 -1 -1 -1 0.2032 0.2032 0.3048 1.7989369948779423 5.206575666442159 -0.06059505623380344 0
Cone 0 0 0 -1 -1 -1 -1 0.2032 0.2032 0.3048 1.6861083924844742 7.202082350427551 -0.15318127678632737 0
Cone 0 0 0 -1 -1 -1 -1 0.2032 0.2032 0.3048 1.466873900386892 11.169492829700667 -0.34836214791110576 0
Cone 0 0 0 -1 -1 -1 -1 0.2032 0.2032 0.3048 1.9469984072572815 3.3018189141706573 0.006516457409449284 0
Cone 0 0 0 -1 -1 -1 -1 0.2032 0.2032 0.3048 -2.3379747061596694 11.028195993773686 -0.34445848622122005 0
Cone 0 0 0 -1 -1 -1 -1 0.2032 0.2032 0.3048 -2.4624629422238304 13.002551902195174 -0.4416240372794015 0
Cone 0 0 0 -1 -1 -1 -1 0.2032 0.2032 0.3048 -2.2050164730228485 9.039471598942482 -0.23218814545813066 0
Cone 0 0 0 -1 -1 -1 -1 0.2032 0.2032 0.3048 1.1453929116402943 17.14544812299276 -0.6888442730585734 0
Cone 0 0 0 -1 -1 -1 -1 0.2032 0.2032 0.3048 -2.766771706931305 18.94768102424805 -0.76381295876503 0
Cone 0 0 0 -1 -1 -1 -1 0.2032 0.2032 0.3048 1.2771610289886475 15.15063015080953 -0.5718704855124156 0
Cone 0 0 0 -1 -1 -1 -1 0.2032 0.2032 0.3048 1.3622368842437744 13.204412780053785 -0.4586870882771232 0
Cone 0 0 0 -1 -1 -1 -1 0.2032 0.2032 0.3048 -1.97826850285808 5.004890941725245 -0.04841638739279339 0
Cone 0 0 0 -1 -1 -1 -1 0.2032 0.2032 0.3048 1.5277350779268208 9.18330893150975 -0.29104177265889714 0
Cone 0 0 0 -1 -1 -1 -1 0.2032 0.2032 0.3048 -2.1126318305656433 7.010292365724487 -0.1520474772334099 0
Cone 0 0 0 -1 -1 -1 -1 0.2032 0.2032 0.3048 -2.527237090460968 15.003283455545349 -0.5535466294169427 0
