Cone 0 0 0 -1 -1 -1 -1 0.2032 0.2032 0.3048 -13.98573121725769 10.832605579072876 0.15727075046002864 0
Cone 0 0 0 -1 -1 -1 -1 0.2032 0.2032 0.3048 -12.783496329180908 12.796875360185545 0.0014814425826072618 0
Cone 0 0 0 -1 -1 -1 -1 0.2032 0.2032 0.3048 -13.510563386472574 14.756945684129638 0.0320732548157374 0
Cone 0 0 0 -1 -1 -1 -1 0.2032 0.2032 0.3048 -1.9088897933488211 3.1531572566177872 0.0994097386949592 0
Cone 0 0 0 -1 -1 -1 -1 0.2032 0.2032 0.3048 -2.256041396650187 13.093437427853189 -0.2324223990917206 0
Cone 0 0 0 -1 -1 -1 -1 0.2032 0.2032 0.3048 1.9238068489488662 3.2916616851923206 0.0746679495908997 0
Cone 0 0 0 -1 -1 -1 -1 0.2032 0.2032 0.3048 -2.2088784170927864 11.087565666440343 -0.1807260008760861 0
Cone 0 0 0 -1 -1 -1 -1 0.2032 0.2032 0.3048 -4.471318039290619 19.202757671052858 -0.37938947932720185 0
Cone 0 0 0 -1 -1 -1 -1 0.2032 0.2032 0.3048 -2.450635565313212 17.117582236304525 -0.35443197644551594 0
Cone 0 0 0 -1 -1 -1 -1 0.2032 0.2032 0.3048 1.3991844028308869 17.226561461463216 -0.37213069654305775 0
Cone 0 0 0 -1 -1 -1 -1 0.2032 0.2032 0.3048 0.6718381315544129 19.951330259019777 -0.47727651851177216 0
Cone 0 0 0 -1 -1 -1 -1 0.2032 0.2032 0.3048 -2.130268108411571 9.123601192806802 -0.06872651718571074 0
Cone 0 0 0 -1 -1 -1 -1 0.2032 0.2032 0.3048 1.6448578970374215 9.168219958319904 -0.1420411512931188 0
Cone 0 0 0 -1 -1 -1 -1 0.2032 0.2032 0.3048 -2.3402002066299437 15.12872779625122 -0.28570129232406616 0
Cone 0 0 0 -1 -1 -1 -1 0.2032 0.2032 0.3048 1.80498341223348 5.21671763516927 -0.02989235278765361 0
Cone 0 0 0 -1 -1 -1 -1 0.2032 0.2032 0.3048 1.4757270948828802 15.143281533891601 -0.32690505474938286 0
Cone 0 0 0 -1 -1 -1 -1 0.2032 0.2032 0.3048 -1.9749347497945147 5.112640772834065 -0.0020852730353673374 0
Cone 0 0 0 -1 -1 -1 -1 0.2032 0.2032 0.3048 -2.6851629942581177 18.098371420874837 -0.35243545926411946 0
Cone 0 0 0 -1 -1 -1 -1 0.2032 0.2032 0.3048 1.5988597760672252 11.174525398586832 -0.22815720495382946 0
Cone 0 0 0 -1 -1 -1 -1 0.2032 0.2032 0.3048 1.7181221515014649 7.184455309882406 -0.10775587913195293 0
Cone 0 0 0 -1 -1 -1 -1 0.2032 0.2032 0.3048 1.5375324954663594 13.204481198961181 -0.26758557639320696 0
