Cone 0 0 0 -1 -1 -1 -1 0.2032 0.2032 0.3048 -13.267523460579428 10.474979474718017 0.08821606927315394 0
Cone 0 0 0 -1 -1 -1 -1 0.2032 0.2032 0.3048 -7.801653477542114 6.0480087657801445 0.09978249179806029 0
Cone 0 0 0 -1 -1 -1 -1 0.2032 0.2032 0.3048 -2.0819493979141237 10.590830495531005 -0.14139306552012765 0
Cone 0 0 0 -1 -1 -1 -1 0.2032 0.2032 0.3048 -6.262913140647125 18.542315080339357 -0.3640678669691086 0
Cone 0 0 0 -1 -1 -1 -1 0.2032 0.2032 0.3048 -8.195013615481567 14.653053596193237 -0.18955601336359978 0
Cone 0 0 0 -1 -1 -1 -1 0.2032 0.2032 0.3048 1.7980571347549439 4.587516539270324 0.09415968610048293 0
Cone 0 0 0 -1 -1 -1 -1 0.2032 0.2032 0.3048 -1.9825693740183756 2.6797254402518034 0.14539540370172924 0
Cone 0 0 0 -1 -1 -1 -1 0.2032 0.2032 0.3048 -3.020204278819275 14.353870823556823 -0.24484553145170213 0
Cone 0 0 0 -1 -1 -1 -1 0.2032 0.2032 0.3048 -4.145509144656372 14.738663874640705 -0.28720288233757024 0
Cone 0 0 0 -1 -1 -1 -1 0.2032 0.2032 0.3048 -12.303641173236084 14.65248530848005 -0.10897035853862766 0
Cone 0 0 0 -1 -1 -1 -1 0.2032 0.2032 0.3048 -10.156001342328898 14.645631864244384 -0.15243284609715146 0
Cone 0 0 0 -1 -1 -1 -1 0.2032 0.2032 0.3048 -6.2835881680175785 14.695856836015624 -0.2361136700391769 0
Cone 0 0 0 -1 -1 -1 -1 0.2032 0.2032 0.3048 -2.035793025949775 8.56569690014008 -0.0684726733029835 0
Cone 0 0 0 -1 -1 -1 -1 0.2032 0.2032 0.3048 1.7204271142046246 10.556456708059779 -0.14191704257272542 0
Cone 0 0 0 -1 -1 -1 -1 0.2032 0.2032 0.3048 1.8211175223265965 2.654538241378884 0.1561730266873483 0
Cone 0 0 0 -1 -1 -1 -1 0.2032 0.2032 0.3048 -4.223573061816406 18.555578782731935 -0.32891094641685487 0
Cone 0 0 0 -1 -1 -1 -1 0.2032 0.2032 0.3048 -14.11125176448873 13.784328018203023 -0.015167270668347683 0
Cone 0 0 0 -1 -1 -1 -1 0.2032 0.2032 0.3048 -0.9589867621585846 17.584246232683107 -0.35814996517499287 0
Cone 0 0 0 -1 -1 -1 -1 0.2032 0.2032 0.3048 1.7098487883880615 12.543525849356891 -0.20919810937643052 0
Cone 0 0 0 -1 -1 -1 -1 0.2032 0.2032 0.3048 1.7694597810581207 6.614063217813415 0.05387914223670959 0
Cone 0 0 0 -1 -1 -1 -1 0.2032 0.2032 0.3048 1.0452995568588257 15.35152840075358 -0.29938521938323975 0
Cone 0 0 0 -1 -1 -1 -1 0.2032 0.2032 0.3048 -2.1553178757354736 12.666749233578287 -0.21140454169909162 0
Cone 0 0 0 -1 -1 -1 -1 0.2032 0.2032 0.3048 1.7536174100144162 8.578105281556764 -0.07601928999159073 0
Cone 0 0 0 -1 -1 -1 -1 0.2032 0.2032 0.3048 -2.0332455366775513 6.598026349718017 0.048746049833297715 0
Cone 0 0 0 -1 -1 -1 -1 0.2032 0.2032 0.3048 -1.9908116787597656 4.639599675510965 0.08497345676720142 0
Cone 0 0 0 -1 -1 -1 -1 0.2032 0.2032 0.3048 -13.278789851062012 14.481159570390624 -0.03403048472404481 0
