Cone 0 0 0 -1 -1 -1 -1 0.2032 0.2032 0.3048 -14.075728111458334 12.215777789130453 -0.1364465028723081 0
Cone 0 0 0 -1 -1 -1 -1 0.2032 0.2032 0.3048 -1.8493403601351277 2.6607548198403896 0.07712962997323936 0
Cone 0 0 0 -1 -1 -1 -1 0.2032 0.2032 0.3048 1.3164217570072718 18.659435414419647 -0.696611961718968 0
Cone 0 0 0 -1 -1 -1 -1 0.2032 0.2032 0.3048 -12.89431684513143 14.217515224789226 -0.2829976772944132 0
Cone 0 0 0 -1 -1 -1 -1 0.2032 0.2032 0.3048 -1.9011882828740256 4.576869124744974 -0.033378484274092186 0
Cone 0 0 0 -1 -1 -1 -1 0.2032 0.2032 0.3048 1.861665396328826 4.748166416659596 -0.037263062486478274 0
Cone 0 0 0 -1 -1 -1 -1 0.2032 0.2032 0.3048 -2.0029798875178018 6.546475881908976 -0.128673543103536 0
Cone 0 0 0 -1 -1 -1 -1 0.2032 0.2032 0.3048 1.403387732314555 16.70639570015137 -0.6199811593373618 0
Cone 0 0 0 -1 -1 -1 -1 0.2032 0.2032 0.3048 -2.2891026625956217 12.583623197252196 -0.3846126015663147 0
Cone 0 0 0 -1 -1 -1 -1 0.2032 0.2032 0.3048 1.985029749254947 2.7986283370581466 0.06201082113762981 0
Cone 0 0 0 -1 -1 -1 -1 0.2032 0.2032 0.3048 1.7693396876330059 6.682101323778077 -0.12737776792844138 0
Cone 0 0 0 -1 -1 -1 -1 0.2032 0.2032 0.3048 -2.507062110297394 18.557618692094728 -0.6745049353122712 0
Cone 0 0 0 -1 -1 -1 -1 0.2032 0.2032 0.3048 1.49267686109492 14.664621427232666 -0.5220231806914012 0
Cone 0 0 0 -1 -1 -1 -1 0.2032 0.2032 0.3048 1.6105959752166041 10.662037294790897 -0.321011332793589 0
Cone 0 0 0 -1 -1 -1 -1 0.2032 0.2032 0.3048 -2.188547224394989 10.625755746538085 -0.2989451144814491 0
Cone 0 0 0 -1 -1 -1 -1 0.2032 0.2032 0.3048 1.5351163190109978 12.680484221382157 -0.4082714747780845 0
Cone 0 0 0 -1 -1 -1 -1 0.2032 0.2032 0.3048 -2.3239589859967547 14.612172200853271 -0.49467928167978925 0
Cone 0 0 0 -1 -1 -1 -1 0.2032 0.2032 0.3048 -2.0978034665112815 8.623844910238827 -0.21214251158684488 0
Cone 0 0 0 -1 -1 -1 -1 0.2032 0.2032 0.3048 1.6830825342049374 8.69346795627118 -0.22775709788843113 0
Cone 0 0 0 -1 -1 -1 -1 0.2032 0.2032 0.3048 -2.77431080042572 19.580693795854494 -0.7137698824882508 0
Cone 0 0 0 -1 -1 -1 -1 0.2032 0.2032 0.3048 -2.412690453720601 16.604077254309896 -0.5483925338268281 0
