Cone 0 0 0 -1 -1 -1 -1 0.2032 0.2032 0.3048 -9.497695681445313 9.353890016252441 -0.051204740571975715 0
Cone 0 0 0 -1 -1 -1 -1 0.2032 0.2032 0.3048 -13.055721613757324 11.88315017479126 -0.18342763887643815 0
Cone 0 0 0 -1 -1 -1 -1 0.2032 0.2032 0.3048 -7.296103321978154 9.027256082261719 -0.09452335682785702 0
Cone 0 0 0 -1 -1 -1 -1 0.2032 0.2032 0.3048 -8.405483513069662 9.551770792975667 -0.09636498845418295 0
Cone 0 0 0 -1 -1 -1 -1 0.2032 0.2032 0.3048 -6.801804647896426 8.372901525103265 -0.05109689103567682 0
Cone 0 0 0 -1 -1 -1 -1 0.2032 0.2032 0.3048 -5.803321024045586 6.462475932292706 -0.025512143798411158 0
Cone 0 0 0 -1 -1 -1 -1 0.2032 0.2032 0.3048 -11.287667945871409 12.79881464328404 -0.21486918798174182 0
Cone 0 0 0 -1 -1 -1 -1 0.2032 0.2032 0.3048 -2.925707802169037 3.5335494782275387 0.10671204892992972 0
Cone 0 0 0 -1 -1 -1 -1 0.2032 0.2032 0.3048 -1.4937321599912432 2.0354795331945885 0.14270370373628619 0
Cone 0 0 0 -1 -1 -1 -1 0.2032 0.2032 0.3048 -3.36022027999838 10.02089320052557 -0.12481408889937025 0
Cone 0 0 0 -1 -1 -1 -1 0.2032 0.2032 0.3048 -2.4345537644219184 8.237426926269771 -0.02093502432654301 0
Cone 0 0 0 -1 -1 -1 -1 0.2032 0.2032 0.3048 -8.1016624367825 13.374214193464626 -0.24035575611856252 0
Cone 0 0 0 -1 -1 -1 -1 0.2032 0.2032 0.3048 0.4286506444290161 5.169133081609649 0.04517992628812789 0
Cone 0 0 0 -1 -1 -1 -1 0.2032 0.2032 0.3048 -4.997632357470703 12.114679649049682 -0.24989423485398293 0
Cone 0 0 0 -1 -1 -1 -1 0.2032 0.2032 0.3048 -1.5251769155189514 6.450188830072326 -0.03560402573943139 0
Cone 0 0 0 -1 -1 -1 -1 0.2032 0.2032 0.3048 1.8255283887971605 3.767064157273443 0.0826319103828498 0
Cone 0 0 0 -1 -1 -1 -1 0.2032 0.2032 0.3048 -4.925057861201477 4.714921250516815 0.04850843591690063 0
