Cone 0 0 0 -1 -1 -1 -1 0.2032 0.2032 0.3048 -14.66822313963623 10.617692353898924 -0.23763203876018527 0
Cone 0 0 0 -1 -1 -1 -1 0.2032 0.2032 0.3048 -12.858103235224068 11.471065595323486 -0.36317910707791645 0
Cone 0 0 0 -1 -1 -1 -1 0.2032 0.2032 0.3048 -6.59619927107544 12.130818186774494 -0.3300069407304128 0
Cone 0 0 0 -1 -1 -1 -1 0.2032 0.2032 0.3048 -4.756918101501974 8.428630569154661 -0.1807186600910293 0
Cone 0 0 0 -1 -1 -1 -1 0.2032 0.2032 0.3048 -5.657054031881205 10.24648959892456 -0.25769711193243666 0
Cone 0 0 0 -1 -1 -1 -1 0.2032 0.2032 0.3048 -1.6481139242574692 3.366757432197176 0.09460420794238644 0
Cone 0 0 0 -1 -1 -1 -1 0.2032 0.2032 0.3048 -7.829105204667495 17.16806456238824 -0.6824303861141207 0
Cone 0 0 0 -1 -1 -1 -1 0.2032 0.2032 0.3048 -1.4142141073867798 5.645663017605387 -0.01357801712354025 0
Cone 0 0 0 -1 -1 -1 -1 0.2032 0.2032 0.3048 -3.1453426013315835 13.766546998992206 -0.45854918864170713 0
Cone 0 0 0 -1 -1 -1 -1 0.2032 0.2032 0.3048 -1.3688165668855938 10.129732825929564 -0.25786854156085426 0
Cone 0 0 0 -1 -1 -1 -1 0.2032 0.2032 0.3048 0.5757521118794758 8.843671618476154 -0.1572502278963725 0
Cone 0 0 0 -1 -1 -1 -1 0.2032 0.2032 0.3048 -2.2457200735733034 11.929816161170246 -0.342295662132899 0
Cone 0 0 0 -1 -1 -1 -1 0.2032 0.2032 0.3048 1.717486166535732 5.024014931920383 0.042048298890250066 0
Cone 0 0 0 -1 -1 -1 -1 0.2032 0.2032 0.3048 1.9362610548809052 7.353560521776123 -0.0885437499165535 0
Cone 0 0 0 -1 -1 -1 -1 0.2032 0.2032 0.3048 3.6469215422943115 12.654728486711425 -0.26070323543548585 0
Cone 0 0 0 -1 -1 -1 -1 0.2032 0.2032 0.3048 -8.147846234830729 13.32719699002767 -0.4802393213589986 0
Cone 0 0 0 -1 -1 -1 -1 0.2032 0.2032 0.3048 -2.8051995962783813 7.218623831445617 -0.12684654401540757 0
Cone 0 0 0 -1 -1 -1 -1 0.2032 0.2032 0.3048 1.7299682766273499 2.8503754477873446 0.1548354010850191 0
