Cone 0 0 0 -1 -1 -1 -1 0.2032 0.2032 0.3048 -11.819358679644775 8.545181467706604 0.2644494925260544 0
Cone 0 0 0 -1 -1 -1 -1 0.2032 0.2032 0.3048 -13.922036501757812 9.730665280992431 0.3215601560294628 0
Cone 0 0 0 -1 -1 -1 -1 0.2032 0.2032 0.3048 -7.817605627569072 6.15564157026474 0.1406460417224715 0
Cone 0 0 0 -1 -1 -1 -1 0.2032 0.2032 0.3048 -14.030623576037598 13.531197145158691 0.24588189549818634 0
Cone 0 0 0 -1 -1 -1 -1 0.2032 0.2032 0.3048 -11.97943180103353 12.352535344592516 0.23047609235545 0
Cone 0 0 0 -1 -1 -1 -1 0.2032 0.2032 0.3048 -7.836791051420085 9.993670908518611 0.11619081142743426 0
Cone 0 0 0 -1 -1 -1 -1 0.2032 0.2032 0.3048 -9.916783425204468 11.3420762961851 0.12149535348713397 0
Cone 0 0 0 -1 -1 -1 -1 0.2032 0.2032 0.3048 -5.858590737519628 6.821618160724737 0.11107197456983 0
Cone 0 0 0 -1 -1 -1 -1 0.2032 0.2032 0.3048 -1.6402143471223376 3.7198023855718114 0.08789964077359154 0
Cone 0 0 0 -1 -1 -1 -1 0.2032 0.2032 0.3048 -5.9187237087148885 10.759209044682958 0.04499554449352952 0
Cone 0 0 0 -1 -1 -1 -1 0.2032 0.2032 0.3048 -3.7542429188290045 8.033261831231192 0.053317164451040705 0
Cone 0 0 0 -1 -1 -1 -1 0.2032 0.2032 0.3048 -9.800867888323975 7.374502077276153 0.24441205939352512 0
Cone 0 0 0 -1 -1 -1 -1 0.2032 0.2032 0.3048 -1.6543729292420524 5.82263112664542 0.037731478685992095 0
Cone 0 0 0 -1 -1 -1 -1 0.2032 0.2032 0.3048 -1.8715148101175945 6.842341258699341 0.032206086250146225 0
Cone 0 0 0 -1 -1 -1 -1 0.2032 0.2032 0.3048 -4.0105472623123735 11.884311449877838 -0.015829768568498125 0
Cone 0 0 0 -1 -1 -1 -1 0.2032 0.2032 0.3048 -2.5481776128138223 7.660442505851034 -0.005839938489596057 0
Cone 0 0 0 -1 -1 -1 -1 0.2032 0.2032 0.3048 -0.5947074215016076 10.908996557719531 -0.0875631625656098 0
Cone 0 0 0 -1 -1 -1 -1 0.2032 0.2032 0.3048 12.695137487856039 13.875223869656171 -0.40924738470183475 0
Cone 0 0 0 -1 -1 -1 -1 0.2032 0.2032 0.3048 2.133465386437861 3.824252083475036 0.08660516434113182 0
Cone 0 0 0 -1 -1 -1 -1 0.2032 0.2032 0.3048 1.482255372809855 8.588254920020345 -0.07066039956410727 0
Cone 0 0 0 -1 -1 -1 -1 0.2032 0.2032 0.3048 2.1263861129755655 5.769491826071981 0.0005952620824177987 0
