Cone 0 0 0 -1 -1 -1 -1 0.2032 0.2032 0.3048 -12.129878970973206 11.008250429803773 -0.0562409009218216 0
Cone 0 0 0 -1 -1 -1 -1 0.2032 0.2032 0.3048 -14.558471215757242 11.450373087897542 -0.015662788915634163 0
Cone 0 0 0 -1 -1 -1 -1 0.2032 0.2032 0.3048 -9.075959536425781 8.775060664191486 -0.005808505980173753 0
Cone 0 0 0 -1 -1 -1 -1 0.2032 0.2032 0.3048 -10.644142322731527 12.442044650092365 -0.07919773664871853 0
Cone 0 0 0 -1 -1 -1 -1 0.2032 0.2032 0.3048 -1.6029338838014695 2.0137438642159102 0.11838653291960559 0
Cone 0 0 0 -1 -1 -1 -1 0.2032 0.2032 0.3048 -9.26423291331448 14.213144111541883 -0.17834377411471472 0
Cone 0 0 0 -1 -1 -1 -1 0.2032 0.2032 0.3048 -7.574505421511841 10.718216135675354 -0.09836637558341027 0
Cone 0 0 0 -1 -1 -1 -1 0.2032 0.2032 0.3048 -2.458073330911509 3.9610853260503642 0.03592427887717882 0
Cone 0 0 0 -1 -1 -1 -1 0.2032 0.2032 0.3048 -4.808357233511207 9.450098379740048 -0.09534224682989577 0
Cone 0 0 0 -1 -1 -1 -1 0.2032 0.2032 0.3048 -4.013159335645549 7.508039686323513 -0.07160278184678821 0
Cone 0 0 0 -1 -1 -1 -1 0.2032 0.2032 0.3048 -6.342192674101475 10.833054752863944 -0.12835550478185928 0
Cone 0 0 0 -1 -1 -1 -1 0.2032 0.2032 0.3048 -3.2162748306915283 5.703470145240072 -0.06693639314969381 0
Cone 0 0 0 -1 -1 -1 -1 0.2032 0.2032 0.3048 -5.720778213268365 14.615050654849716 -0.2123289832486047 0
Cone 0 0 0 -1 -1 -1 -1 0.2032 0.2032 0.3048 -2.922014885139974 13.249708964998169 -0.17303505496978763 0
Cone 0 0 0 -1 -1 -1 -1 0.2032 0.2032 0.3048 -0.507454292965444 8.993133083887871 -0.06258835584057704 0
Cone 0 0 0 -1 -1 -1 -1 0.2032 0.2032 0.3048 -1.2510878130719185 10.841747167283936 -0.11819717344443005 0
Cone 0 0 0 -1 -1 -1 -1 0.2032 0.2032 0.3048 0.27651270926742555 7.190546586687011 0.03433466373085975 0
Cone 0 0 0 -1 -1 -1 -1 0.2032 0.2032 0.3048 1.0449635028913498 5.3272188450640865 0.04471432758569716 0
Cone 0 0 0 -1 -1 -1 -1 0.2032 0.2032 0.3048 1.8531859099939347 3.537714068665746 0.12177790821914869 0
Cone 0 0 0 -1 -1 -1 -1 0.2032 0.2032 0.3048 -5.3898716896698 10.30963166015808 -0.06831248806715012 0
