Cone 0 0 0 -1 -1 -1 -1 0.2032 0.2032 0.3048 -10.949557582198755 8.974292657019008 0.14202481954743462 0
Cone 0 0 0 -1 -1 -1 -1 0.2032 0.2032 0.3048 -14.035218378894044 11.267344644243163 0.2152322085674852 0
Cone 0 0 0 -1 -1 -1 -1 0.2032 0.2032 0.3048 -12.845587584368896 12.85882885711853 0.16762867240309715 0
Cone 0 0 0 -1 -1 -1 -1 0.2032 0.2032 0.3048 -11.530954555521067 14.450309963740407 0.120960954739792 0
Cone 0 0 0 -1 -1 -1 -1 0.2032 0.2032 0.3048 -6.461142433675639 10.593532715811971 0.037488087199131645 0
Cone 0 0 0 -1 -1 -1 -1 0.2032 0.2032 0.3048 -8.101851873589071 11.806591425910238 0.04247431127429008 0
Cone 0 0 0 -1 -1 -1 -1 0.2032 0.2032 0.3048 -4.95947423874588 9.47302015083496 0.04341700343489646 0
Cone 0 0 0 -1 -1 -1 -1 0.2032 0.2032 0.3048 -3.3634004060469835 8.255285625584506 0.0338217275016448 0
Cone 0 0 0 -1 -1 -1 -1 0.2032 0.2032 0.3048 -2.4372294525231046 2.861097278271757 0.10697614165097472 0
Cone 0 0 0 -1 -1 -1 -1 0.2032 0.2032 0.3048 -1.7725052366579692 7.117284054134927 0.038292341363430016 0
Cone 0 0 0 -1 -1 -1 -1 0.2032 0.2032 0.3048 1.772342121182796 3.3655303066717015 0.15839623862419805 0
Cone 0 0 0 -1 -1 -1 -1 0.2032 0.2032 0.3048 -0.13620266615600585 5.898982440009359 0.09273732744852702 0
