Cone 0 0 0 -1 -1 -1 -1 0.2032 0.2032 0.3048 -12.734843584887695 8.533246591264648 0.005336672496795647 0
Cone 0 0 0 -1 -1 -1 -1 0.2032 0.2032 0.3048 -14.971479905637613 12.168257045654432 -0.012058375181092165 0
Cone 0 0 0 -1 -1 -1 -1 0.2032 0.2032 0.3048 -10.65119384360894 8.74398191230957 0.02891234434180789 0
Cone 0 0 0 -1 -1 -1 -1 0.2032 0.2032 0.3048 -8.604026457659913 8.908951785737914 0.024301690292358392 0
Cone 0 0 0 -1 -1 -1 -1 0.2032 0.2032 0.3048 -12.997923387082928 12.343814844463907 -0.024184546935558333 0
Cone 0 0 0 -1 -1 -1 -1 0.2032 0.2032 0.3048 -10.999590203158569 12.547949721986694 -0.04267068909406663 0
Cone 0 0 0 -1 -1 -1 -1 0.2032 0.2032 0.3048 -9.040026399485779 12.739426686937255 -0.02461452180445195 0
Cone 0 0 0 -1 -1 -1 -1 0.2032 0.2032 0.3048 -6.676507642399245 9.099959227478685 0.00767504191673718 0
Cone 0 0 0 -1 -1 -1 -1 0.2032 0.2032 0.3048 -2.019577580824861 3.0848499965131997 0.11881441411326328 0
Cone 0 0 0 -1 -1 -1 -1 0.2032 0.2032 0.3048 -4.6671840796793616 9.28401193397705 0.05211031698385874 0
Cone 0 0 0 -1 -1 -1 -1 0.2032 0.2032 0.3048 -7.038746806971741 12.943544859264932 0.004356621883312855 0
Cone 0 0 0 -1 -1 -1 -1 0.2032 0.2032 0.3048 -5.044137629859161 13.11534149902527 0.010518908929824822 0
Cone 0 0 0 -1 -1 -1 -1 0.2032 0.2032 0.3048 -2.1604586929008485 5.002531960184021 0.08038502900004386 0
Cone 0 0 0 -1 -1 -1 -1 0.2032 0.2032 0.3048 1.2658812391690437 9.23113957785744 0.024295460551480446 0
Cone 0 0 0 -1 -1 -1 -1 0.2032 0.2032 0.3048 1.607976056146113 5.3558397636559025 0.08335821745991706 0
Cone 0 0 0 -1 -1 -1 -1 0.2032 0.2032 0.3048 -2.587980885961829 9.129758847992928 0.03101195086075199 0
Cone 0 0 0 -1 -1 -1 -1 0.2032 0.2032 0.3048 -3.047164556376648 13.29153208193644 -0.015457905896504729 0
Cone 0 0 0 -1 -1 -1 -1 0.2032 0.2032 0.3048 1.7831702648248582 3.416738333307916 0.10655713321183406 0
Cone 0 0 0 -1 -1 -1 -1 0.2032 0.2032 0.3048 2.675006505854416 16.973367288286134 -0.19316159890890122 0
Cone 0 0 0 -1 -1 -1 -1 0.2032 0.2032 0.3048 0.9454780697896957 13.583382919008178 -0.010342842656373984 0
Cone 0 0 0 -1 -1 -1 -1 0.2032 0.2032 0.3048 -2.3603627016072593 7.001716052069906 0.020094377728303265 0
Cone 0 0 0 -1 -1 -1 -1 0.2032 0.2032 0.3048 -1.089690592215305 13.47295312872328 -0.0032577493800057394 0
Cone 0 0 0 -1 -1 -1 -1 0.2032 0.2032 0.3048 1.4628069371059418 7.236766174013061 0.04042168377041816 0
