Cone 0 0 0 -1 -1 -1 -1 0.2032 0.2032 0.3048 -13.124004694812012 15.089539562239887 -0.4780138478358587 0
Cone 0 0 0 -1 -1 -1 -1 0.2032 0.2032 0.3048 1.7822044859404247 5.81548062421346 -0.08021266467173895 0
Cone 0 0 0 -1 -1 -1 -1 0.2032 0.2032 0.3048 1.9252169754844453 3.916514958846545 0.07067813365691238 0
Cone 0 0 0 -1 -1 -1 -1 0.2032 0.2032 0.3048 1.1208591431453705 17.772580220872804 -0.6864232565641404 0
Cone 0 0 0 -1 -1 -1 -1 0.2032 0.2032 0.3048 -2.2400832568982905 9.69193701783103 -0.2819064610156146 0
Cone 0 0 0 -1 -1 -1 -1 0.2032 0.2032 0.3048 -1.8845998813634237 3.7147357515904407 0.03300635600950982 0
Cone 0 0 0 -1 -1 -1 -1 0.2032 0.2032 0.3048 -1.9843337267562866 5.61947297510966 -0.07632428364753724 0
Cone 0 0 0 -1 -1 -1 -1 0.2032 0.2032 0.3048 0.9999897880761041 19.778470802215715 -0.7813350984467401 0
Cone 0 0 0 -1 -1 -1 -1 0.2032 0.2032 0.3048 -2.4891003499354043 13.62969739692871 -0.4967743087821537 0
Cone 0 0 0 -1 -1 -1 -1 0.2032 0.2032 0.3048 1.5276564598157882 9.815451293670867 -0.271000522803899 0
Cone 0 0 0 -1 -1 -1 -1 0.2032 0.2032 0.3048 1.2663878868097942 15.740405951514486 -0.5807644323190054 0
Cone 0 0 0 -1 -1 -1 -1 0.2032 0.2032 0.3048 -2.118695907784017 7.600028112108155 -0.2375149027188619 0
Cone 0 0 0 -1 -1 -1 -1 0.2032 0.2032 0.3048 1.3430074945166588 13.783135368997497 -0.473078820425272 0
Cone 0 0 0 -1 -1 -1 -1 0.2032 0.2032 0.3048 -2.537807934475454 15.579159890189413 -0.6076978341420493 0
Cone 0 0 0 -1 -1 -1 -1 0.2032 0.2032 0.3048 1.673550811417389 7.806272580797119 -0.14237010436058045 0
Cone 0 0 0 -1 -1 -1 -1 0.2032 0.2032 0.3048 1.4353779496255965 11.792551693749214 -0.37493180192311604 0
Cone 0 0 0 -1 -1 -1 -1 0.2032 0.2032 0.3048 -2.357615460312514 11.67490177627053 -0.39829627855691035 0
Cone 0 0 0 -1 -1 -1 -1 0.2032 0.2032 0.3048 -2.6929564207717895 17.667102887803956 -0.6914831991672516 0
Cone 0 0 0 -1 -1 -1 -1 0.2032 0.2032 0.3048 -2.812554213397217 19.603822941158853 -0.8119330302556357 0
