Cone 0 0 0 -1 -1 -1 -1 0.2032 0.2032 0.3048 -13.324697110049438 9.421347930604858 0.1537966015383601 0
Cone 0 0 0 -1 -1 -1 -1 0.2032 0.2032 0.3048 -12.867069416237385 11.329425170595092 0.10048514895836512 0
Cone 0 0 0 -1 -1 -1 -1 0.2032 0.2032 0.3048 -10.40799126326294 10.875698640520019 -0.015524066555500038 0
Cone 0 0 0 -1 -1 -1 -1 0.2032 0.2032 0.3048 -12.303357216708374 11.364818647081298 0.01685481354461775 0
Cone 0 0 0 -1 -1 -1 -1 0.2032 0.2032 0.3048 -2.1604192236984887 2.551665020063165 0.14890467863397466 0
Cone 0 0 0 -1 -1 -1 -1 0.2032 0.2032 0.3048 -9.401340338580322 14.524898603135986 -0.17942720112005872 0
Cone 0 0 0 -1 -1 -1 -1 0.2032 0.2032 0.3048 -11.361601286125692 15.021099005713703 -0.13672352787653608 0
Cone 0 0 0 -1 -1 -1 -1 0.2032 0.2032 0.3048 -6.504968199126434 9.913251752232156 -0.09860845736463865 0
Cone 0 0 0 -1 -1 -1 -1 0.2032 0.2032 0.3048 -7.581516199303182 14.106080129320068 -0.2933396643082301 0
Cone 0 0 0 -1 -1 -1 -1 0.2032 0.2032 0.3048 0.9881097763851165 11.077384816184287 -0.26485665198961894 0
Cone 0 0 0 -1 -1 -1 -1 0.2032 0.2032 0.3048 1.9999930384214553 3.633715250160998 0.12857737124661603 0
Cone 0 0 0 -1 -1 -1 -1 0.2032 0.2032 0.3048 -4.583307378483328 9.465864994699402 -0.08288450620373092 0
Cone 0 0 0 -1 -1 -1 -1 0.2032 0.2032 0.3048 -1.1502023667022705 7.351516320878907 -0.1003447866121928 0
Cone 0 0 0 -1 -1 -1 -1 0.2032 0.2032 0.3048 10.826705601818848 6.36773474472229 0.16842776579856872 0
Cone 0 0 0 -1 -1 -1 -1 0.2032 0.2032 0.3048 2.506878530986595 8.156296738559647 -0.13378181116580964 0
Cone 0 0 0 -1 -1 -1 -1 0.2032 0.2032 0.3048 2.4344052642658234 5.537417843515319 0.035489233639836304 0
Cone 0 0 0 -1 -1 -1 -1 0.2032 0.2032 0.3048 -1.683780885066435 4.434695911757569 0.06898187723292243 0
Cone 0 0 0 -1 -1 -1 -1 0.2032 0.2032 0.3048 -2.6291066119993842 8.97069208480382 -0.12922301174998285 0
Cone 0 0 0 -1 -1 -1 -1 0.2032 0.2032 0.3048 -1.2109269430165608 6.4581730311857095 -0.02522981620629629 0
Cone 0 0 0 -1 -1 -1 -1 0.2032 0.2032 0.3048 -5.6626722146993 13.632118617072347 -0.27754142837524415 0
