Cone 0 0 0 -1 -1 -1 -1 0.2032 0.2032 0.3048 -13.68690857588501 11.640738720272623 -0.26077351427872975 0
Cone 0 0 0 -1 -1 -1 -1 0.2032 0.2032 0.3048 -10.677298018328857 9.069368817979736 -0.13573925005197526 0
Cone 0 0 0 -1 -1 -1 -1 0.2032 0.2032 0.3048 -9.145823194906955 7.7634727000276005 -0.06168015258312226 0
Cone 0 0 0 -1 -1 -1 -1 0.2032 0.2032 0.3048 -15.212871564420572 12.922433768286947 -0.31101414518356324 0
Cone 0 0 0 -1 -1 -1 -1 0.2032 0.2032 0.3048 -7.56355693836263 6.39406548596883 -0.06457971688906354 0
Cone 0 0 0 -1 -1 -1 -1 0.2032 0.2032 0.3048 -6.014644152514649 5.117557943040771 0.00663999630212783 0
Cone 0 0 0 -1 -1 -1 -1 0.2032 0.2032 0.3048 -6.604310366503906 10.607103024497274 -0.15255864915053052 0
Cone 0 0 0 -1 -1 -1 -1 0.2032 0.2032 0.3048 -8.090258929125977 11.905915095979614 -0.24039930807352067 0
Cone 0 0 0 -1 -1 -1 -1 0.2032 0.2032 0.3048 -9.633182856433105 13.227287843400878 -0.2621684864838918 0
Cone 0 0 0 -1 -1 -1 -1 0.2032 0.2032 0.3048 -11.13951334654541 14.527850384090984 -0.32649535891215004 0
Cone 0 0 0 -1 -1 -1 -1 0.2032 0.2032 0.3048 -5.069448185953013 9.314332916910095 -0.1606116153975328 0
Cone 0 0 0 -1 -1 -1 -1 0.2032 0.2032 0.3048 -3.5348954763301967 8.01727642377709 -0.07614761442680552 0
Cone 0 0 0 -1 -1 -1 -1 0.2032 0.2032 0.3048 -2.0360031455680847 6.794061734849853 0.04199072389006614 0
Cone 0 0 0 -1 -1 -1 -1 0.2032 0.2032 0.3048 -0.48140105157346724 5.402561857873839 0.05866013323962686 0
Cone 0 0 0 -1 -1 -1 -1 0.2032 0.2032 0.3048 1.015986768246513 4.182882683053257 0.10760776509708829 0
Cone 0 0 0 -1 -1 -1 -1 0.2032 0.2032 0.3048 2.5391912496826596 2.8824043402155004 0.1564825932751099 0
Cone 0 0 0 -1 -1 -1 -1 0.2032 0.2032 0.3048 3.52676463138918 5.925244859762964 0.16761224482145026 0
Cone 0 0 0 -1 -1 -1 -1 0.2032 0.2032 0.3048 -12.173750135295105 10.302782132799072 -0.1607813793599606 0
