Cone 0 0 0 -1 -1 -1 -1 0.2032 0.2032 0.3048 -2.4664906074529016 2.5723364537702436 0.07328980458974838 0
Cone 0 0 0 -1 -1 -1 -1 0.2032 0.2032 0.3048 -5.533382428678386 7.6199131752795415 -0.17489535368283593 0
Cone 0 0 0 -1 -1 -1 -1 0.2032 0.2032 0.3048 -4.468289229266357 5.882638051683349 -0.11380405681133271 0
Cone 0 0 0 -1 -1 -1 -1 0.2032 0.2032 0.3048 -3.4797828525230408 4.270288183862609 0.06617351366281508 0
Cone 0 0 0 -1 -1 -1 -1 0.2032 0.2032 0.3048 -10.69387707411499 16.276202991182252 -0.5447918470382691 0
Cone 0 0 0 -1 -1 -1 -1 0.2032 0.2032 0.3048 -9.644456717364502 14.563445642167968 -0.4578434522628785 0
Cone 0 0 0 -1 -1 -1 -1 0.2032 0.2032 0.3048 -6.606481310717773 9.437652820919597 -0.23227505044937136 0
Cone 0 0 0 -1 -1 -1 -1 0.2032 0.2032 0.3048 -8.616528206062826 12.798368051225586 -0.35260960416793824 0
Cone 0 0 0 -1 -1 -1 -1 0.2032 0.2032 0.3048 -5.302332732073975 14.748123243028564 -0.4775213594913483 0
Cone 0 0 0 -1 -1 -1 -1 0.2032 0.2032 0.3048 -6.315361830584717 16.496003225023195 -0.5782877202510834 0
Cone 0 0 0 -1 -1 -1 -1 0.2032 0.2032 0.3048 -7.370014402262878 18.185193135911867 -0.6773930336713792 0
Cone 0 0 0 -1 -1 -1 -1 0.2032 0.2032 0.3048 -2.2361978938107807 9.562509094252828 -0.21537243581612905 0
Cone 0 0 0 -1 -1 -1 -1 0.2032 0.2032 0.3048 -3.2891260832473757 11.27395942466919 -0.3048303301811218 0
Cone 0 0 0 -1 -1 -1 -1 0.2032 0.2032 0.3048 -1.1972862809822082 7.881458594972534 -0.13526863561868668 0
Cone 0 0 0 -1 -1 -1 -1 0.2032 0.2032 0.3048 -0.17508514522762297 6.152122452432556 -0.011575672346353538 0
Cone 0 0 0 -1 -1 -1 -1 0.2032 0.2032 0.3048 0.8316132313087463 4.453343703920288 0.08650005860328673 0
Cone 0 0 0 -1 -1 -1 -1 0.2032 0.2032 0.3048 -7.630150728416951 11.164597585374755 -0.32419055160681404 0
Cone 0 0 0 -1 -1 -1 -1 0.2032 0.2032 0.3048 4.751992155879133 3.581024437980402 0.21953128204949515 0
Cone 0 0 0 -1 -1 -1 -1 0.2032 0.2032 0.3048 3.169241991646576 6.6634080356107575 -0.01163937605222067 0
Cone 0 0 0 -1 -1 -1 -1 0.2032 0.2032 0.3048 8.35865011513977 7.2736711050814815 0.38604781447052955 0
Cone 0 0 0 -1 -1 -1 -1 0.2032 0.2032 0.3048 1.876939403476351 2.7886352026842824 0.13853439120593847 0
Cone 0 0 0 -1 -1 -1 -1 0.2032 0.2032 0.3048 8.52110448182373 17.70044540819987 0.24410516252815725 0
