Cone 0 0 0 -1 -1 -1 -1 0.2032 0.2032 0.3048 -14.2624884575531 12.762696817094726 -0.028797015118598945 0
Cone 0 0 0 -1 -1 -1 -1 0.2032 0.2032 0.3048 -14.60831439991048 11.574751896236977 0.015809832445780426 0
Cone 0 0 0 -1 -1 -1 -1 0.2032 0.2032 0.3048 -12.416077944628906 13.643290021593018 -0.12645839409828188 0
Cone 0 0 0 -1 -1 -1 -1 0.2032 0.2032 0.3048 -13.407385620467377 13.436684622938081 -0.1133082840025425 0
Cone 0 0 0 -1 -1 -1 -1 0.2032 0.2032 0.3048 -10.29446758925171 13.649153306657714 -0.2138424064397812 0
Cone 0 0 0 -1 -1 -1 -1 0.2032 0.2032 0.3048 -8.332033249728394 13.661326482469482 -0.24324472205638886 0
Cone 0 0 0 -1 -1 -1 -1 0.2032 0.2032 0.3048 -2.089129513825819 3.6881051075868894 0.07644998407893709 0
Cone 0 0 0 -1 -1 -1 -1 0.2032 0.2032 0.3048 -6.411910515022788 13.674136267676595 -0.26202756123542786 0
Cone 0 0 0 -1 -1 -1 -1 0.2032 0.2032 0.3048 -2.1091938197538376 5.600172593767089 0.004734816458821289 0
Cone 0 0 0 -1 -1 -1 -1 0.2032 0.2032 0.3048 -2.1980658660257975 9.606193465565287 -0.14480106663505238 0
Cone 0 0 0 -1 -1 -1 -1 0.2032 0.2032 0.3048 -4.38937283852946 17.5902661428597 -0.3873208657582601 0
Cone 0 0 0 -1 -1 -1 -1 0.2032 0.2032 0.3048 -4.270333382479858 13.740133598024292 -0.2496336992263794 0
Cone 0 0 0 -1 -1 -1 -1 0.2032 0.2032 0.3048 -1.1002856224700928 16.637007787401124 -0.3430906529903412 0
Cone 0 0 0 -1 -1 -1 -1 0.2032 0.2032 0.3048 0.8923395941729227 14.391809696529949 -0.28642089125315345 0
Cone 0 0 0 -1 -1 -1 -1 0.2032 0.2032 0.3048 1.6647181779220581 5.628369988244085 0.05525510759684774 0
Cone 0 0 0 -1 -1 -1 -1 0.2032 0.2032 0.3048 1.7066582795720844 3.672687039018978 0.12705175633927182 0
Cone 0 0 0 -1 -1 -1 -1 0.2032 0.2032 0.3048 1.5898938430754554 9.592551437922294 -0.14307499634027485 0
Cone 0 0 0 -1 -1 -1 -1 0.2032 0.2032 0.3048 -8.40832012195638 17.505763604814454 -0.3317544555346171 0
Cone 0 0 0 -1 -1 -1 -1 0.2032 0.2032 0.3048 -6.38029589354248 17.51328847664063 -0.34213201360702516 0
Cone 0 0 0 -1 -1 -1 -1 0.2032 0.2032 0.3048 1.575957358222029 11.606549866902805 -0.24983430196974013 0
Cone 0 0 0 -1 -1 -1 -1 0.2032 0.2032 0.3048 -3.1297378271743774 13.381402089769287 -0.2573987539291382 0
Cone 0 0 0 -1 -1 -1 -1 0.2032 0.2032 0.3048 10.948053029187012 6.1886103894061275 0.25207808284163474 0
Cone 0 0 0 -1 -1 -1 -1 0.2032 0.2032 0.3048 -2.238191577784729 11.567618444139404 -0.18311272021929426 0
