Cone 0 0 0 -1 -1 -1 -1 0.2032 0.2032 0.3048 -6.40634485808832 4.590959044016897 -0.15394923331851054 0
Cone 0 0 0 -1 -1 -1 -1 0.2032 0.2032 0.3048 -9.87455530549055 8.506508526634956 -0.14880761461257935 0
Cone 0 0 0 -1 -1 -1 -1 0.2032 0.2032 0.3048 -7.861350410175832 8.469174002185108 -0.12417892323732378 0
Cone 0 0 0 -1 -1 -1 -1 0.2032 0.2032 0.3048 -3.978303405635071 4.558378949338836 0.07219469962716102 0
Cone 0 0 0 -1 -1 -1 -1 0.2032 0.2032 0.3048 -5.864657390725175 8.410364673916666 -0.06972060997940246 0
Cone 0 0 0 -1 -1 -1 -1 0.2032 0.2032 0.3048 -3.8437807053253175 8.314725840946393 -0.0799143636476426 0
Cone 0 0 0 -1 -1 -1 -1 0.2032 0.2032 0.3048 -1.8441642519426134 3.9609510844694005 0.08265888340638743 0
Cone 0 0 0 -1 -1 -1 -1 0.2032 0.2032 0.3048 -2.006798131259791 4.491167818084004 0.09449871610303719 0
Cone 0 0 0 -1 -1 -1 -1 0.2032 0.2032 0.3048 2.09821914978631 8.108601502797704 -0.005427598304958916 0
Cone 0 0 0 -1 -1 -1 -1 0.2032 0.2032 0.3048 0.07494576043779287 8.226798581985609 -0.024027883908483726 0
Cone 0 0 0 -1 -1 -1 -1 0.2032 0.2032 0.3048 1.9138104190503438 3.7816359148170973 0.09586461055477459 0
Cone 0 0 0 -1 -1 -1 -1 0.2032 0.2032 0.3048 2.855337844725509 2.8302419815776605 -0.062289940668855404 0
Cone 0 0 0 -1 -1 -1 -1 0.2032 0.2032 0.3048 4.246064888445027 11.1806727196521 -0.22284129715760548 0
Cone 0 0 0 -1 -1 -1 -1 0.2032 0.2032 0.3048 2.4360574275329587 2.4946274391274375 -0.054896646308898935 0
Cone 0 0 0 -1 -1 -1 -1 0.2032 0.2032 0.3048 -1.894668323787562 8.315143778497621 -0.07035954998731614 0
