Cone 0 0 0 -1 -1 -1 -1 0.2032 0.2032 0.3048 -9.54708478152008 8.756488039667053 -0.17859139995574952 0
Cone 0 0 0 -1 -1 -1 -1 0.2032 0.2032 0.3048 -11.40667789478353 9.500066513393962 -0.19214680747985838 0
Cone 0 0 0 -1 -1 -1 -1 0.2032 0.2032 0.3048 -13.2722966800059 10.220686509782714 -0.24493093249003095 0
Cone 0 0 0 -1 -1 -1 -1 0.2032 0.2032 0.3048 -3.9431206911727905 6.6211336399859615 0.019793559294939034 0
Cone 0 0 0 -1 -1 -1 -1 0.2032 0.2032 0.3048 -2.056788616371663 5.82699481107259 0.004543391795953108 0
Cone 0 0 0 -1 -1 -1 -1 0.2032 0.2032 0.3048 -2.0615392655059814 9.216438367540283 -0.15550024764537812 0
Cone 0 0 0 -1 -1 -1 -1 0.2032 0.2032 0.3048 -0.23382368964725658 8.606343252158021 -0.11055926536803291 0
Cone 0 0 0 -1 -1 -1 -1 0.2032 0.2032 0.3048 -5.8035646295189265 7.306299190581199 -0.08185779239109585 0
Cone 0 0 0 -1 -1 -1 -1 0.2032 0.2032 0.3048 -0.20461879595370291 5.144146814519805 0.006882432346045964 0
Cone 0 0 0 -1 -1 -1 -1 0.2032 0.2032 0.3048 1.541760663530053 7.611474688756443 0.055274380179246255 0
Cone 0 0 0 -1 -1 -1 -1 0.2032 0.2032 0.3048 11.715607176089913 6.830409703087595 -0.1651719853957494 0
Cone 0 0 0 -1 -1 -1 -1 0.2032 0.2032 0.3048 -7.679881960288057 8.03549486711231 -0.12077461849734898 0
Cone 0 0 0 -1 -1 -1 -1 0.2032 0.2032 0.3048 3.477635946877289 3.5822519407417803 0.16718754898210364 0
Cone 0 0 0 -1 -1 -1 -1 0.2032 0.2032 0.3048 -15.13241491018982 10.965010001832885 -0.2750213886976242 0
Cone 0 0 0 -1 -1 -1 -1 0.2032 0.2032 0.3048 1.6214868173077583 4.419942706400795 0.07657786129117011 0
