Cone 0 0 0 -1 -1 -1 -1 0.2032 0.2032 0.3048 -14.166417664613173 10.329975573130424 -0.0037496433337529575 0
Cone 0 0 0 -1 -1 -1 -1 0.2032 0.2032 0.3048 -13.745381288719686 11.511451795274658 -0.0888833978785409 0
Cone 0 0 0 -1 -1 -1 -1 0.2032 0.2032 0.3048 -11.912506434313965 12.318791701967163 -0.18998542981147767 0
Cone 0 0 0 -1 -1 -1 -1 0.2032 0.2032 0.3048 -12.91619999507319 12.19066561716263 -0.1963731735378504 0
Cone 0 0 0 -1 -1 -1 -1 0.2032 0.2032 0.3048 -1.8690710191141402 2.065571115701326 0.07222371958536761 0
Cone 0 0 0 -1 -1 -1 -1 0.2032 0.2032 0.3048 -11.764447829119874 16.170742299730225 -0.3682256575107575 0
Cone 0 0 0 -1 -1 -1 -1 0.2032 0.2032 0.3048 -9.780066423607382 12.28031650640035 -0.25378120399316156 0
Cone 0 0 0 -1 -1 -1 -1 0.2032 0.2032 0.3048 -7.831267131360881 12.232230419491374 -0.2897513603846232 0
Cone 0 0 0 -1 -1 -1 -1 0.2032 0.2032 0.3048 -7.7676851083760585 16.059010929440102 -0.4319906925837199 0
Cone 0 0 0 -1 -1 -1 -1 0.2032 0.2032 0.3048 -5.898633969816081 12.174520089799804 -0.3072085674285889 0
Cone 0 0 0 -1 -1 -1 -1 0.2032 0.2032 0.3048 -1.8967556242357526 4.012564512380886 0.00880127258584612 0
Cone 0 0 0 -1 -1 -1 -1 0.2032 0.2032 0.3048 -5.75943944155426 16.00034077423279 -0.4491492505550385 0
Cone 0 0 0 -1 -1 -1 -1 0.2032 0.2032 0.3048 -1.8427464253061703 7.9918906169310215 -0.14914347896277907 0
Cone 0 0 0 -1 -1 -1 -1 0.2032 0.2032 0.3048 -3.7533621519729614 12.14601238029663 -0.33987668113708497 0
Cone 0 0 0 -1 -1 -1 -1 0.2032 0.2032 0.3048 -1.832887900861613 5.971552108302358 -0.08210820785959563 0
Cone 0 0 0 -1 -1 -1 -1 0.2032 0.2032 0.3048 1.9896113246753693 9.84213849694329 -0.2281417469859123 0
Cone 0 0 0 -1 -1 -1 -1 0.2032 0.2032 0.3048 1.9443622797801972 5.880507106159769 -0.0759075354218483 0
Cone 0 0 0 -1 -1 -1 -1 0.2032 0.2032 0.3048 1.9169834311593736 3.9321453860859785 0.10662568235844372 0
Cone 0 0 0 -1 -1 -1 -1 0.2032 0.2032 0.3048 1.9487891763523102 7.848396732980651 -0.1487290184378624 0
Cone 0 0 0 -1 -1 -1 -1 0.2032 0.2032 0.3048 -2.6723153322860718 11.748406908155788 -0.3280969522741106 0
Cone 0 0 0 -1 -1 -1 -1 0.2032 0.2032 0.3048 -1.8123482694154103 9.931538349393223 -0.21833841388793218 0
Cone 0 0 0 -1 -1 -1 -1 0.2032 0.2032 0.3048 1.3998861779843648 12.65989708361491 -0.3648219004948934 0
