Cone 0 0 0 -1 -1 -1 -1 0.2032 0.2032 0.3048 -9.969912171025255 9.227897029361435 0.07315489195982615 0
Cone 0 0 0 -1 -1 -1 -1 0.2032 0.2032 0.3048 -14.134016129367065 11.512989952737732 0.06829325897693633 0
Cone 0 0 0 -1 -1 -1 -1 0.2032 0.2032 0.3048 -11.972251825523886 10.35338067469462 0.10650755694210529 0
Cone 0 0 0 -1 -1 -1 -1 0.2032 0.2032 0.3048 -7.966373615456135 8.081349478736167 0.03335226171414056 0
Cone 0 0 0 -1 -1 -1 -1 0.2032 0.2032 0.3048 -1.5656704217121125 1.9335354381547796 0.12711880309581752 0
Cone 0 0 0 -1 -1 -1 -1 0.2032 0.2032 0.3048 -12.224348716927084 14.149155214006347 0.035117845169703156 0
Cone 0 0 0 -1 -1 -1 -1 0.2032 0.2032 0.3048 -6.014915622266643 8.743418119921925 0.014496422863999995 0
Cone 0 0 0 -1 -1 -1 -1 0.2032 0.2032 0.3048 -8.065556117884826 11.911861040765684 -0.04436312051415445 0
Cone 0 0 0 -1 -1 -1 -1 0.2032 0.2032 0.3048 -1.6691755334461849 3.834816279088103 0.05524247011865177 0
Cone 0 0 0 -1 -1 -1 -1 0.2032 0.2032 0.3048 -6.163339627775065 12.722383626210666 -0.04612383865780301 0
Cone 0 0 0 -1 -1 -1 -1 0.2032 0.2032 0.3048 -1.993356649499221 8.805290211101727 -0.04353088345925014 0
Cone 0 0 0 -1 -1 -1 -1 0.2032 0.2032 0.3048 2.1307560970460258 3.95409604368075 0.1267124653118352 0
Cone 0 0 0 -1 -1 -1 -1 0.2032 0.2032 0.3048 -16.09698233305664 10.838646962816162 0.04921467645168304 0
Cone 0 0 0 -1 -1 -1 -1 0.2032 0.2032 0.3048 2.0317227115308123 5.930847242052002 0.08005567931334177 0
Cone 0 0 0 -1 -1 -1 -1 0.2032 0.2032 0.3048 12.417189585176596 15.800439113949382 -0.3111944492340088 0
Cone 0 0 0 -1 -1 -1 -1 0.2032 0.2032 0.3048 -3.943693463993581 9.991384214733683 -0.030652656390931877 0
Cone 0 0 0 -1 -1 -1 -1 0.2032 0.2032 0.3048 -10.160324300321452 13.202868694637859 0.0032157475074132205 0
Cone 0 0 0 -1 -1 -1 -1 0.2032 0.2032 0.3048 -0.8311041623279571 12.953747823411865 -0.14096029059886933 0
Cone 0 0 0 -1 -1 -1 -1 0.2032 0.2032 0.3048 1.2852374129426503 10.733834908409134 -0.06077780531644823 0
Cone 0 0 0 -1 -1 -1 -1 0.2032 0.2032 0.3048 -4.245358976714325 13.845811798746032 -0.11126684354543687 0
Cone 0 0 0 -1 -1 -1 -1 0.2032 0.2032 0.3048 -2.738398862509803 9.638757223461711 -0.03987551898197695 0
Cone 0 0 0 -1 -1 -1 -1 0.2032 0.2032 0.3048 -1.733291316024971 5.725549891168518 -0.01146977724432946 0
