Cone 0 0 0 -1 -1 -1 -1 0.2032 0.2032 0.3048 -10.288524481646729 7.15786392944519 0.04416389061212539 0
Cone 0 0 0 -1 -1 -1 -1 0.2032 0.2032 0.3048 -14.426772607358805 10.850011343334758 -0.02310896249413491 0
Cone 0 0 0 -1 -1 -1 -1 0.2032 0.2032 0.3048 -12.425772139422607 10.873644044572753 0.019745861423015588 0
Cone 0 0 0 -1 -1 -1 -1 0.2032 0.2032 0.3048 -8.25980997808598 7.27308826532002 0.08466967397843088 0
Cone 0 0 0 -1 -1 -1 -1 0.2032 0.2032 0.3048 -6.301942571422541 7.358979639839912 0.08761693136663662 0
Cone 0 0 0 -1 -1 -1 -1 0.2032 0.2032 0.3048 -8.449798310788982 11.06765331683024 0.06831234339078267 0
Cone 0 0 0 -1 -1 -1 -1 0.2032 0.2032 0.3048 -2.027374910591271 3.059383276250036 0.15265135625274406 0
Cone 0 0 0 -1 -1 -1 -1 0.2032 0.2032 0.3048 -6.435081661733499 11.143858485660264 0.08615355302757688 0
Cone 0 0 0 -1 -1 -1 -1 0.2032 0.2032 0.3048 -4.278295146534998 7.393546757460656 0.09016814618637194 0
Cone 0 0 0 -1 -1 -1 -1 0.2032 0.2032 0.3048 -4.428628969894645 11.208450507837039 0.09631699734663678 0
Cone 0 0 0 -1 -1 -1 -1 0.2032 0.2032 0.3048 -2.089878216378403 5.004844560796661 0.12012550612986087 0
Cone 0 0 0 -1 -1 -1 -1 0.2032 0.2032 0.3048 -10.443056649293348 10.985070885460882 0.007097779477967148 0
Cone 0 0 0 -1 -1 -1 -1 0.2032 0.2032 0.3048 1.6429705292060852 7.0355793382472225 0.11984713232219218 0
Cone 0 0 0 -1 -1 -1 -1 0.2032 0.2032 0.3048 1.7882278656040511 3.1882655914372635 0.15640007856066027 0
Cone 0 0 0 -1 -1 -1 -1 0.2032 0.2032 0.3048 1.5542987106318156 11.374770092342935 0.07755290680329005 0
Cone 0 0 0 -1 -1 -1 -1 0.2032 0.2032 0.3048 3.475081947453308 14.619495465928955 -0.06366354184150697 0
Cone 0 0 0 -1 -1 -1 -1 0.2032 0.2032 0.3048 1.7199922591522216 5.017801867499592 0.11587319044470784 0
Cone 0 0 0 -1 -1 -1 -1 0.2032 0.2032 0.3048 -0.4929521039053917 11.386779581084493 0.0823603332608938 0
Cone 0 0 0 -1 -1 -1 -1 0.2032 0.2032 0.3048 -2.450948691691801 11.317440054060329 0.0769495003905561 0
Cone 0 0 0 -1 -1 -1 -1 0.2032 0.2032 0.3048 -2.1309006184265136 7.000947454149169 0.10724627269506452 0
