Cone 0 0 0 -1 -1 -1 -1 0.2032 0.2032 0.3048 -9.704994823858982 7.29513622115848 -0.08678822507593369 0
Cone 0 0 0 -1 -1 -1 -1 0.2032 0.2032 0.3048 -7.727010119190421 7.188109243013911 -0.05598450432826604 0
Cone 0 0 0 -1 -1 -1 -1 0.2032 0.2032 0.3048 -5.719101339713106 7.095060854018088 -0.024786396676018133 0
Cone 0 0 0 -1 -1 -1 -1 0.2032 0.2032 0.3048 -1.9622197106406212 3.0945367510861583 0.12629359467960893 0
Cone 0 0 0 -1 -1 -1 -1 0.2032 0.2032 0.3048 -1.8043837626700723 2.580762570121971 0.1424288255487327 0
Cone 0 0 0 -1 -1 -1 -1 0.2032 0.2032 0.3048 -4.572657915942383 10.165429745688678 -0.15267787085771561 0
Cone 0 0 0 -1 -1 -1 -1 0.2032 0.2032 0.3048 -1.7497622102424621 6.917840078050538 0.01996353063186009 0
Cone 0 0 0 -1 -1 -1 -1 0.2032 0.2032 0.3048 -0.832140227508595 9.792780451644095 -0.013063066203554722 0
Cone 0 0 0 -1 -1 -1 -1 0.2032 0.2032 0.3048 -2.4122780293151855 15.734093263322753 -0.03277422444820405 0
Cone 0 0 0 -1 -1 -1 -1 0.2032 0.2032 0.3048 0.2224739958916982 6.806777153983358 0.062243839534123734 0
Cone 0 0 0 -1 -1 -1 -1 0.2032 0.2032 0.3048 2.261304226525116 6.628913595849914 0.04017143739461898 0
Cone 0 0 0 -1 -1 -1 -1 0.2032 0.2032 0.3048 4.4574525028541565 9.596010997468872 -0.16268128113746644 0
Cone 0 0 0 -1 -1 -1 -1 0.2032 0.2032 0.3048 -3.725053104750824 6.982815697366638 0.003564034086465828 0
Cone 0 0 0 -1 -1 -1 -1 0.2032 0.2032 0.3048 2.904051926739502 2.6779440190142823 -0.057899474668502815 0
Cone 0 0 0 -1 -1 -1 -1 0.2032 0.2032 0.3048 1.9837479934170723 2.2907201726317172 0.20135715735348766 0
