Cone 0 0 0 -1 -1 -1 -1 0.2032 0.2032 0.3048 -7.730833980433655 5.61555055238271 -0.02146449642181397 0
Cone 0 0 0 -1 -1 -1 -1 0.2032 0.2032 0.3048 -11.415188055229697 9.738958317612253 -0.12778200762271882 0
Cone 0 0 0 -1 -1 -1 -1 0.2032 0.2032 0.3048 -9.516260001055908 9.594954087907714 -0.17890912996530534 0
Cone 0 0 0 -1 -1 -1 -1 0.2032 0.2032 0.3048 -5.744833371035766 5.503312810832901 -0.08433097632527353 0
Cone 0 0 0 -1 -1 -1 -1 0.2032 0.2032 0.3048 -7.530632612101746 9.44484451072876 -0.2465943719625473 0
Cone 0 0 0 -1 -1 -1 -1 0.2032 0.2032 0.3048 -5.544943067424011 9.307943736090902 -0.2634886548598607 0
Cone 0 0 0 -1 -1 -1 -1 0.2032 0.2032 0.3048 -3.771494004122925 5.389381244356079 -0.071407168674469 0
Cone 0 0 0 -1 -1 -1 -1 0.2032 0.2032 0.3048 -1.9942077577039719 3.182860709304256 0.028988164657851048 0
Cone 0 0 0 -1 -1 -1 -1 0.2032 0.2032 0.3048 -2.0382653504535675 4.054697319442672 -0.02095622060745955 0
Cone 0 0 0 -1 -1 -1 -1 0.2032 0.2032 0.3048 -3.5290275583590187 9.187569072420041 -0.2578398019750913 0
Cone 0 0 0 -1 -1 -1 -1 0.2032 0.2032 0.3048 1.4623470234093803 5.413284137422484 -0.08284837603228433 0
Cone 0 0 0 -1 -1 -1 -1 0.2032 0.2032 0.3048 -0.5416455447599411 8.060276880437774 -0.19749552713632584 0
Cone 0 0 0 -1 -1 -1 -1 0.2032 0.2032 0.3048 1.8534007134197368 2.8862561079276694 0.07575334941991085 0
