Cone 0 0 0 -1 -1 -1 -1 0.2032 0.2032 0.3048 -3.5608083377207436 7.349107607492734 -0.053312253239041305 0
Cone 0 0 0 -1 -1 -1 -1 0.2032 0.2032 0.3048 -2.8687836339001973 9.524852178623476 -0.1089198816277363 0
Cone 0 0 0 -1 -1 -1 -1 0.2032 0.2032 0.3048 -4.929351236746554 15.208245192542318 -0.3360642786502838 0
Cone 0 0 0 -1 -1 -1 -1 0.2032 0.2032 0.3048 -2.202196555328878 11.849379168524983 -0.19667074240048726 0
Cone 0 0 0 -1 -1 -1 -1 0.2032 0.2032 0.3048 -0.5362404713953653 6.008363162055257 -0.010267972517013557 0
Cone 0 0 0 -1 -1 -1 -1 0.2032 0.2032 0.3048 -1.2070155173465729 16.226489856416627 -0.3034519697904587 0
Cone 0 0 0 -1 -1 -1 -1 0.2032 0.2032 0.3048 -1.6963614553138733 18.14409430282776 -0.3551584105372429 0
Cone 0 0 0 -1 -1 -1 -1 0.2032 0.2032 0.3048 0.2803160026123007 8.281623587914284 -0.0469679788430532 0
Cone 0 0 0 -1 -1 -1 -1 0.2032 0.2032 0.3048 0.6376409004206339 4.325571085697167 0.08772170738357082 0
Cone 0 0 0 -1 -1 -1 -1 0.2032 0.2032 0.3048 1.5048022759255868 12.773304306927852 -0.15923389528769036 0
Cone 0 0 0 -1 -1 -1 -1 0.2032 0.2032 0.3048 0.7897360329191481 10.521854624581124 -0.0724351695571627 0
Cone 0 0 0 -1 -1 -1 -1 0.2032 0.2032 0.3048 2.1511304028682563 2.726078125191153 0.18282776619796123 0
Cone 0 0 0 -1 -1 -1 -1 0.2032 0.2032 0.3048 -3.2519731253311157 13.61275346534912 -0.24510794835090638 0
Cone 0 0 0 -1 -1 -1 -1 0.2032 0.2032 0.3048 -3.1934967418437323 3.428476164315783 0.08140263144001364 0
