Cone 0 0 0 -1 -1 -1 -1 0.2032 0.2032 0.3048 -13.82161066233368 11.942201092416687 -0.07055839108228684 0
Cone 0 0 0 -1 -1 -1 -1 0.2032 0.2032 0.3048 -14.247858894857279 10.75454910057251 -0.034129673185944565 0
Cone 0 0 0 -1 -1 -1 -1 0.2032 0.2032 0.3048 -11.962635847918701 12.757284143144531 -0.1830283607721329 0
Cone 0 0 0 -1 -1 -1 -1 0.2032 0.2032 0.3048 -12.975357995754328 12.612484608664754 -0.15146380288865835 0
Cone 0 0 0 -1 -1 -1 -1 0.2032 0.2032 0.3048 -2.0363427428289556 2.48491449238811 0.15043175547236487 0
Cone 0 0 0 -1 -1 -1 -1 0.2032 0.2032 0.3048 -9.825519279489571 12.678366326437466 -0.23170825796127323 0
Cone 0 0 0 -1 -1 -1 -1 0.2032 0.2032 0.3048 -9.818532055940077 16.495401721439077 -0.34467616965505815 0
Cone 0 0 0 -1 -1 -1 -1 0.2032 0.2032 0.3048 -7.8180695344930005 16.477267879818523 -0.3924745257377625 0
Cone 0 0 0 -1 -1 -1 -1 0.2032 0.2032 0.3048 -5.963517360878499 12.579593732530517 -0.28790969607035316 0
Cone 0 0 0 -1 -1 -1 -1 0.2032 0.2032 0.3048 -1.9624606102630615 4.400787824963175 0.028786724738279968 0
Cone 0 0 0 -1 -1 -1 -1 0.2032 0.2032 0.3048 -3.8413117259666443 12.540157630617065 -0.3605309422492981 0
Cone 0 0 0 -1 -1 -1 -1 0.2032 0.2032 0.3048 -1.890214346838506 10.329158618623657 -0.25108484260042513 0
Cone 0 0 0 -1 -1 -1 -1 0.2032 0.2032 0.3048 -1.922326559069268 8.375653281385343 -0.16012672943919898 0
Cone 0 0 0 -1 -1 -1 -1 0.2032 0.2032 0.3048 -0.5786917835399628 15.304906442338867 -0.47037854747772223 0
Cone 0 0 0 -1 -1 -1 -1 0.2032 0.2032 0.3048 1.350978333191136 12.985072823084892 -0.40195950822830195 0
Cone 0 0 0 -1 -1 -1 -1 0.2032 0.2032 0.3048 1.8697216488992054 8.211180896137797 -0.15299457993904753 0
Cone 0 0 0 -1 -1 -1 -1 0.2032 0.2032 0.3048 1.9134858386458502 10.204424137447917 -0.2494211209164726 0
Cone 0 0 0 -1 -1 -1 -1 0.2032 0.2032 0.3048 1.8556100994422913 6.221342780763549 -0.1025122757434845 0
Cone 0 0 0 -1 -1 -1 -1 0.2032 0.2032 0.3048 1.8216733083203316 4.271348110908908 0.05659808727055787 0
Cone 0 0 0 -1 -1 -1 -1 0.2032 0.2032 0.3048 -13.084068271510315 8.597521200353546 0.041666910481452935 0
Cone 0 0 0 -1 -1 -1 -1 0.2032 0.2032 0.3048 1.7708033132005352 2.291106030189994 0.15553966498398852 0
Cone 0 0 0 -1 -1 -1 -1 0.2032 0.2032 0.3048 -2.7345055338334827 12.130149544518499 -0.35094689617686803 0
Cone 0 0 0 -1 -1 -1 -1 0.2032 0.2032 0.3048 -7.886347889561631 12.622938389156902 -0.2673368350346883 0
Cone 0 0 0 -1 -1 -1 -1 0.2032 0.2032 0.3048 -5.827872845523071 16.438956573182985 -0.43952970163822175 0
