Cone 0 0 0 -1 -1 -1 -1 0.2032 0.2032 0.3048 -14.214980138334147 11.89599390285675 -0.04395328915913901 0
Cone 0 0 0 -1 -1 -1 -1 0.2032 0.2032 0.3048 -13.822433881950888 13.093682998989665 -0.17198091950813932 0
Cone 0 0 0 -1 -1 -1 -1 0.2032 0.2032 0.3048 -11.963092403603108 13.924728086168212 -0.20219860828717554 0
Cone 0 0 0 -1 -1 -1 -1 0.2032 0.2032 0.3048 -9.831008288256836 13.865676477128906 -0.26347796079317726 0
Cone 0 0 0 -1 -1 -1 -1 0.2032 0.2032 0.3048 -7.891238364569855 13.838253214532775 -0.2705535437345505 0
Cone 0 0 0 -1 -1 -1 -1 0.2032 0.2032 0.3048 -1.932612913839531 3.6719003138119977 0.09409408899630818 0
Cone 0 0 0 -1 -1 -1 -1 0.2032 0.2032 0.3048 -7.855875346057129 17.65551844693685 -0.4054409956614177 0
Cone 0 0 0 -1 -1 -1 -1 0.2032 0.2032 0.3048 -5.97819834819118 13.811697012189244 -0.2849350397041866 0
Cone 0 0 0 -1 -1 -1 -1 0.2032 0.2032 0.3048 -1.847194565328471 7.555082713141683 -0.12564339197476707 0
Cone 0 0 0 -1 -1 -1 -1 0.2032 0.2032 0.3048 -3.7940683096572876 13.75040697512492 -0.296464750734965 0
Cone 0 0 0 -1 -1 -1 -1 0.2032 0.2032 0.3048 -1.9153975907224867 5.58945244674018 0.002942436700397063 0
Cone 0 0 0 -1 -1 -1 -1 0.2032 0.2032 0.3048 -1.8476736674631755 11.55290738202596 -0.2616723771572113 0
Cone 0 0 0 -1 -1 -1 -1 0.2032 0.2032 0.3048 -1.8500957965776443 9.60169330693746 -0.1816632209400336 0
Cone 0 0 0 -1 -1 -1 -1 0.2032 0.2032 0.3048 -3.8101072639152527 17.591368749315187 -0.44352842824459077 0
Cone 0 0 0 -1 -1 -1 -1 0.2032 0.2032 0.3048 1.9260127812698364 7.486680820161743 -0.07188566731214524 0
Cone 0 0 0 -1 -1 -1 -1 0.2032 0.2032 0.3048 1.9695800513103485 11.475978448564453 -0.24226306708455084 0
Cone 0 0 0 -1 -1 -1 -1 0.2032 0.2032 0.3048 1.9364632437700908 9.445397212678833 -0.18923219002087913 0
Cone 0 0 0 -1 -1 -1 -1 0.2032 0.2032 0.3048 1.8807412753576915 5.495765144203745 0.041139955751101166 0
Cone 0 0 0 -1 -1 -1 -1 0.2032 0.2032 0.3048 1.8708940021492144 3.5406056072062677 0.10286517354492784 0
Cone 0 0 0 -1 -1 -1 -1 0.2032 0.2032 0.3048 -5.8223020046875 17.619765959754236 -0.44566237287521365 0
Cone 0 0 0 -1 -1 -1 -1 0.2032 0.2032 0.3048 -12.936710561307782 13.723324372941894 -0.16974276062647506 0
Cone 0 0 0 -1 -1 -1 -1 0.2032 0.2032 0.3048 1.3658184975460053 14.229863479310913 -0.31852308866182966 0
