Cone 0 0 0 -1 -1 -1 -1 0.2032 0.2032 0.3048 -13.30270037352295 10.947416618043823 0.060661394578218446 0
Cone 0 0 0 -1 -1 -1 -1 0.2032 0.2032 0.3048 -15.275204035632324 10.943658902818603 0.11714177770614623 0
Cone 0 0 0 -1 -1 -1 -1 0.2032 0.2032 0.3048 -15.776393267504883 10.754492356950683 0.13398674732148647 0
Cone 0 0 0 -1 -1 -1 -1 0.2032 0.2032 0.3048 -11.287618554624432 10.95020044105713 -0.0628310825109482 0
Cone 0 0 0 -1 -1 -1 -1 0.2032 0.2032 0.3048 -13.237527054115077 14.745837558170516 -0.09097807598624914 0
Cone 0 0 0 -1 -1 -1 -1 0.2032 0.2032 0.3048 -9.310768723149279 11.007680861063774 -0.11038522213829889 0
Cone 0 0 0 -1 -1 -1 -1 0.2032 0.2032 0.3048 -7.305674764506531 11.05479128616516 -0.1464077826023102 0
Cone 0 0 0 -1 -1 -1 -1 0.2032 0.2032 0.3048 -3.1818473070785522 4.931751504117889 0.08509795783162116 0
Cone 0 0 0 -1 -1 -1 -1 0.2032 0.2032 0.3048 -1.9360818743631363 3.0158070569978586 0.12932770338604846 0
Cone 0 0 0 -1 -1 -1 -1 0.2032 0.2032 0.3048 -9.374101826541137 14.82148878830139 -0.29360102670192717 0
Cone 0 0 0 -1 -1 -1 -1 0.2032 0.2032 0.3048 -7.400283071391296 14.878890350038452 -0.3241733010292053 0
Cone 0 0 0 -1 -1 -1 -1 0.2032 0.2032 0.3048 -3.228177878253174 6.918296172792358 0.02439423693418502 0
Cone 0 0 0 -1 -1 -1 -1 0.2032 0.2032 0.3048 -3.4402812967623397 9.854372019146524 -0.14638064162731174 0
Cone 0 0 0 -1 -1 -1 -1 0.2032 0.2032 0.3048 -3.268795490456136 8.960957067186278 -0.08331158515612287 0
Cone 0 0 0 -1 -1 -1 -1 0.2032 0.2032 0.3048 -4.203850542317523 10.7627159483795 -0.15320670381170334 0
Cone 0 0 0 -1 -1 -1 -1 0.2032 0.2032 0.3048 -2.264431539170456 14.053084328348083 -0.3519619028449059 0
Cone 0 0 0 -1 -1 -1 -1 0.2032 0.2032 0.3048 -0.0297810841277361 11.583479716951294 -0.2484462510228157 0
Cone 0 0 0 -1 -1 -1 -1 0.2032 0.2032 0.3048 0.5828685879781723 6.964676017139993 -0.0005543600201606824 0
Cone 0 0 0 -1 -1 -1 -1 0.2032 0.2032 0.3048 0.5517365836878854 8.986755293681863 -0.10492529850112542 0
Cone 0 0 0 -1 -1 -1 -1 0.2032 0.2032 0.3048 1.8885593036884945 3.0878929441915384 0.13125455184396767 0
Cone 0 0 0 -1 -1 -1 -1 0.2032 0.2032 0.3048 0.6299577544207255 4.976678230935973 0.02316065870920816 0
Cone 0 0 0 -1 -1 -1 -1 0.2032 0.2032 0.3048 -5.254825737402683 11.069355138051488 -0.15820910490353904 0
