Cone 0 0 0 -1 -1 -1 -1 0.2032 0.2032 0.3048 -15.102691504351807 10.495710685426635 -0.12624014871120454 0
Cone 0 0 0 -1 -1 -1 -1 0.2032 0.2032 0.3048 -13.844974053892008 12.459744765932006 -0.20659843789339066 0
Cone 0 0 0 -1 -1 -1 -1 0.2032 0.2032 0.3048 -2.0610305635627655 2.451200879261962 0.060312739842917226 0
Cone 0 0 0 -1 -1 -1 -1 0.2032 0.2032 0.3048 -12.675130602709961 14.416548326188964 -0.42571406917572024 0
Cone 0 0 0 -1 -1 -1 -1 0.2032 0.2032 0.3048 -2.058290971311442 4.3784936044929275 -0.02961630331277848 0
Cone 0 0 0 -1 -1 -1 -1 0.2032 0.2032 0.3048 1.7543303484082813 2.429331810477588 0.06493040291134801 0
Cone 0 0 0 -1 -1 -1 -1 0.2032 0.2032 0.3048 -2.3383104930246987 19.33014257209961 -0.7924587225596111 0
Cone 0 0 0 -1 -1 -1 -1 0.2032 0.2032 0.3048 -2.088920804850769 8.425976672427133 -0.25605533462260044 0
Cone 0 0 0 -1 -1 -1 -1 0.2032 0.2032 0.3048 1.7097748746548973 12.320379363074544 -0.43683289842605594 0
Cone 0 0 0 -1 -1 -1 -1 0.2032 0.2032 0.3048 1.7277924984767914 14.357171689048055 -0.539918834535281 0
Cone 0 0 0 -1 -1 -1 -1 0.2032 0.2032 0.3048 -2.1138519376441955 18.350429608995363 -0.7709017838716508 0
Cone 0 0 0 -1 -1 -1 -1 0.2032 0.2032 0.3048 -2.078134311231486 14.36529572265808 -0.5484180197795232 0
Cone 0 0 0 -1 -1 -1 -1 0.2032 0.2032 0.3048 1.7134566924070607 10.311683106060691 -0.3352701083906654 0
Cone 0 0 0 -1 -1 -1 -1 0.2032 0.2032 0.3048 -2.111321846305508 12.376323932980146 -0.4511622219297621 0
Cone 0 0 0 -1 -1 -1 -1 0.2032 0.2032 0.3048 -2.093076657027294 10.419673949609399 -0.34267876557862315 0
Cone 0 0 0 -1 -1 -1 -1 0.2032 0.2032 0.3048 1.7072972526227315 16.338320170417074 -0.6576810027837754 0
Cone 0 0 0 -1 -1 -1 -1 0.2032 0.2032 0.3048 -2.1047484010383606 16.417024607037153 -0.6616859034379323 0
Cone 0 0 0 -1 -1 -1 -1 0.2032 0.2032 0.3048 -2.082691225402069 6.36700212416514 -0.11885131604274116 0
Cone 0 0 0 -1 -1 -1 -1 0.2032 0.2032 0.3048 1.7223364420309544 4.392673819834632 -0.026768207120895393 0
Cone 0 0 0 -1 -1 -1 -1 0.2032 0.2032 0.3048 1.7034988820627213 18.35539229171936 -0.737193680870533 0
Cone 0 0 0 -1 -1 -1 -1 0.2032 0.2032 0.3048 1.717412960536766 6.356387093240661 -0.1004536259353161 0
Cone 0 0 0 -1 -1 -1 -1 0.2032 0.2032 0.3048 1.6947315048500777 8.354670858954035 -0.22334799854010343 0
