Cone 0 0 0 -1 -1 -1 -1 0.2032 0.2032 0.3048 -15.717516753070068 11.552120759660644 0.06505377633571624 0
Cone 0 0 0 -1 -1 -1 -1 0.2032 0.2032 0.3048 -11.663836915949163 9.744184435647039 0.1140430201411247 0
Cone 0 0 0 -1 -1 -1 -1 0.2032 0.2032 0.3048 -7.912957673264058 8.642114141160887 0.04799892162978648 0
Cone 0 0 0 -1 -1 -1 -1 0.2032 0.2032 0.3048 -9.71340211614932 9.158423947439662 0.09813051763375599 0
Cone 0 0 0 -1 -1 -1 -1 0.2032 0.2032 0.3048 -3.159049186103058 3.282723977739258 0.15583338910788297 0
Cone 0 0 0 -1 -1 -1 -1 0.2032 0.2032 0.3048 -5.994096584965442 8.06432289765314 0.034306856993266514 0
Cone 0 0 0 -1 -1 -1 -1 0.2032 0.2032 0.3048 -2.289974282319714 2.7149800136007727 0.11899131978537351 0
Cone 0 0 0 -1 -1 -1 -1 0.2032 0.2032 0.3048 -4.078651300349063 7.533222364909474 0.046255605375577526 0
Cone 0 0 0 -1 -1 -1 -1 0.2032 0.2032 0.3048 0.5313634204087393 5.189687258008335 0.06716108098966733 0
Cone 0 0 0 -1 -1 -1 -1 0.2032 0.2032 0.3048 1.9349503539458743 2.2564596542322213 0.18528661707660682 0
Cone 0 0 0 -1 -1 -1 -1 0.2032 0.2032 0.3048 -2.1345213780726118 6.983037307435912 0.038721385530630745 0
