Cone 0 0 0 -1 -1 -1 -1 0.2032 0.2032 0.3048 -11.418366967347062 9.233727447478898 -0.129546868797711 0
Cone 0 0 0 -1 -1 -1 -1 0.2032 0.2032 0.3048 -7.57140901584676 8.97654886024658 -0.2202059487183889 0
Cone 0 0 0 -1 -1 -1 -1 0.2032 0.2032 0.3048 -3.7649326751555123 4.897547021085662 -0.08365680358608565 0
Cone 0 0 0 -1 -1 -1 -1 0.2032 0.2032 0.3048 -1.987275372745629 2.708902636599328 0.06262022084527544 0
Cone 0 0 0 -1 -1 -1 -1 0.2032 0.2032 0.3048 -13.46709451376648 9.372260883027954 -0.07158724175691605 0
Cone 0 0 0 -1 -1 -1 -1 0.2032 0.2032 0.3048 -2.078263464562607 3.611271629308306 0.012416043437520657 0
Cone 0 0 0 -1 -1 -1 -1 0.2032 0.2032 0.3048 -3.5453730796598473 8.712756446176053 -0.24186410342008893 0
Cone 0 0 0 -1 -1 -1 -1 0.2032 0.2032 0.3048 -5.558656515899579 8.821144948362567 -0.26887177690359265 0
Cone 0 0 0 -1 -1 -1 -1 0.2032 0.2032 0.3048 1.450083024310557 4.952768225048624 -0.025624314514795948 0
Cone 0 0 0 -1 -1 -1 -1 0.2032 0.2032 0.3048 10.020766881115723 5.698798015291137 0.17979982282109558 0
Cone 0 0 0 -1 -1 -1 -1 0.2032 0.2032 0.3048 -0.5620640993043899 7.58043678062622 -0.15937660591602323 0
Cone 0 0 0 -1 -1 -1 -1 0.2032 0.2032 0.3048 1.826592933476787 2.416821449903624 0.1531076415490773 0
