Cone 0 0 0 -1 -1 -1 -1 0.2032 0.2032 0.3048 -7.745452317588043 5.950117662126464 0.19911617921739816 0
Cone 0 0 0 -1 -1 -1 -1 0.2032 0.2032 0.3048 -13.81796440779419 9.55699403541748 0.2611866634905338 0
Cone 0 0 0 -1 -1 -1 -1 0.2032 0.2032 0.3048 -9.773168298594666 11.139560535127563 0.14491521889418363 0
Cone 0 0 0 -1 -1 -1 -1 0.2032 0.2032 0.3048 -5.792176180077107 6.564836324494391 0.10012145135005313 0
Cone 0 0 0 -1 -1 -1 -1 0.2032 0.2032 0.3048 -13.892019602648926 13.378801896745605 0.2148959375552833 0
Cone 0 0 0 -1 -1 -1 -1 0.2032 0.2032 0.3048 -11.834524485461426 12.167386378847771 0.21958455787868725 0
Cone 0 0 0 -1 -1 -1 -1 0.2032 0.2032 0.3048 -7.716181458028665 9.770446374589843 0.10669921306967733 0
Cone 0 0 0 -1 -1 -1 -1 0.2032 0.2032 0.3048 -3.6818346266161237 7.750159183938435 0.025911893410098787 0
Cone 0 0 0 -1 -1 -1 -1 0.2032 0.2032 0.3048 -5.830345156781387 10.539725139314575 0.004701468125730744 0
Cone 0 0 0 -1 -1 -1 -1 0.2032 0.2032 0.3048 -1.6365982224469502 3.4561720063037105 0.10628418826262154 0
Cone 0 0 0 -1 -1 -1 -1 0.2032 0.2032 0.3048 -2.48980475762736 7.376694435452067 0.0003076349020004199 0
Cone 0 0 0 -1 -1 -1 -1 0.2032 0.2032 0.3048 -1.7807726989115398 6.521854156826579 0.054527509144941956 0
Cone 0 0 0 -1 -1 -1 -1 0.2032 0.2032 0.3048 -1.6003898809279125 5.504365438793741 0.04712287752032279 0
Cone 0 0 0 -1 -1 -1 -1 0.2032 0.2032 0.3048 -0.4856967744653543 10.589765547290089 -0.08889500567615033 0
Cone 0 0 0 -1 -1 -1 -1 0.2032 0.2032 0.3048 2.1859325571267023 3.4869810785597988 0.08150429621620309 0
Cone 0 0 0 -1 -1 -1 -1 0.2032 0.2032 0.3048 12.819022741921234 13.483180597001954 -0.4233790743529796 0
Cone 0 0 0 -1 -1 -1 -1 0.2032 0.2032 0.3048 1.5584963497262743 8.252393035002525 -0.0846703209658464 0
Cone 0 0 0 -1 -1 -1 -1 0.2032 0.2032 0.3048 2.161899275588481 5.4394194231178785 -0.013619462219874073 0
