Cone 0 0 0 -1 -1 -1 -1 0.2032 0.2032 0.3048 -14.93087773024292 12.803530099565428 -0.18893641488552096 0
Cone 0 0 0 -1 -1 -1 -1 0.2032 0.2032 0.3048 -1.7756362020895005 2.102816445702953 0.11684098435640333 0
Cone 0 0 0 -1 -1 -1 -1 0.2032 0.2032 0.3048 -2.0196448236629485 4.061041659687601 0.0014071650127569734 0
Cone 0 0 0 -1 -1 -1 -1 0.2032 0.2032 0.3048 -2.496272138321341 7.989372650123186 -0.161172804339443 0
Cone 0 0 0 -1 -1 -1 -1 0.2032 0.2032 0.3048 -3.1553118357981362 13.969036295587463 -0.4600422353227933 0
Cone 0 0 0 -1 -1 -1 -1 0.2032 0.2032 0.3048 -2.716148998663669 10.039461771555718 -0.24385796941121418 0
Cone 0 0 0 -1 -1 -1 -1 0.2032 0.2032 0.3048 -2.926668278416128 12.005271705657126 -0.34863523362780374 0
Cone 0 0 0 -1 -1 -1 -1 0.2032 0.2032 0.3048 0.21110487338899375 18.324083481803186 -0.6667929088751475 0
Cone 0 0 0 -1 -1 -1 -1 0.2032 0.2032 0.3048 1.0488370398754756 10.362983221386514 -0.2552403187433878 0
Cone 0 0 0 -1 -1 -1 -1 0.2032 0.2032 0.3048 0.6588153378905403 14.33992631691162 -0.43929159929487444 0
Cone 0 0 0 -1 -1 -1 -1 0.2032 0.2032 0.3048 0.4284910380914688 16.36368250307902 -0.5546852643966675 0
Cone 0 0 0 -1 -1 -1 -1 0.2032 0.2032 0.3048 0.8478358921151904 12.33308153143324 -0.34946358492109514 0
Cone 0 0 0 -1 -1 -1 -1 0.2032 0.2032 0.3048 1.2952588833115048 8.397765061498989 -0.15240432817207447 0
Cone 0 0 0 -1 -1 -1 -1 0.2032 0.2032 0.3048 -3.595232777786763 17.975142076188966 -0.616934090423584 0
Cone 0 0 0 -1 -1 -1 -1 0.2032 0.2032 0.3048 1.9871261940032676 2.504369347155449 0.15699428230785817 0
Cone 0 0 0 -1 -1 -1 -1 0.2032 0.2032 0.3048 -2.246803852908325 5.982125555052997 -0.08369298236370089 0
Cone 0 0 0 -1 -1 -1 -1 0.2032 0.2032 0.3048 1.5054530968343098 6.397530311916911 -0.04640953696568808 0
Cone 0 0 0 -1 -1 -1 -1 0.2032 0.2032 0.3048 1.7488590687587737 4.462237486672188 0.07704837194851466 0
