Cone 0 0 0 -1 -1 -1 -1 0.2032 0.2032 0.3048 -14.178776690356445 13.43722306348348 -0.12080556508700054 0
Cone 0 0 0 -1 -1 -1 -1 0.2032 0.2032 0.3048 14.883508510398356 13.36792110857829 0.055826710759268865 0
Cone 0 0 0 -1 -1 -1 -1 0.2032 0.2032 0.3048 3.635510491338857 11.813087537462158 -0.13905874348481498 0
Cone 0 0 0 -1 -1 -1 -1 0.2032 0.2032 0.3048 1.7847466270203272 8.137870872591577 -0.023381900109847396 0
Cone 0 0 0 -1 -1 -1 -1 0.2032 0.2032 0.3048 -8.736999100770399 17.9897350946148 -0.3504542306741079 0
Cone 0 0 0 -1 -1 -1 -1 0.2032 0.2032 0.3048 1.919808581478882 3.9726546551531974 0.13297294570207593 0
Cone 0 0 0 -1 -1 -1 -1 0.2032 0.2032 0.3048 7.298374586973741 10.71304159155287 -0.04518309689362845 0
Cone 0 0 0 -1 -1 -1 -1 0.2032 0.2032 0.3048 -1.6794023185894011 5.180929901773376 0.015960544776916497 0
Cone 0 0 0 -1 -1 -1 -1 0.2032 0.2032 0.3048 0.0770931915764888 6.651091760967812 0.0010451167146364737 0
Cone 0 0 0 -1 -1 -1 -1 0.2032 0.2032 0.3048 6.726017939058431 13.011338149085287 -0.09951155341466268 0
Cone 0 0 0 -1 -1 -1 -1 0.2032 0.2032 0.3048 -1.7072470943413438 3.175401299059746 0.09207318987860563 0
Cone 0 0 0 -1 -1 -1 -1 0.2032 0.2032 0.3048 7.310200916734822 14.847427601193035 -0.13095783647696177 0
Cone 0 0 0 -1 -1 -1 -1 0.2032 0.2032 0.3048 4.279609905687459 18.007464641903482 -0.321332066822052 0
Cone 0 0 0 -1 -1 -1 -1 0.2032 0.2032 0.3048 3.053604987271118 14.062685086900636 -0.19412434803247453 0
Cone 0 0 0 -1 -1 -1 -1 0.2032 0.2032 0.3048 7.2232589062791615 8.675138660180544 0.0613724063820309 0
Cone 0 0 0 -1 -1 -1 -1 0.2032 0.2032 0.3048 5.4181116977637656 7.092861493540908 0.08231896715026635 0
Cone 0 0 0 -1 -1 -1 -1 0.2032 0.2032 0.3048 -7.29887629845988 8.50884942999281 -0.06894205633269417 0
Cone 0 0 0 -1 -1 -1 -1 0.2032 0.2032 0.3048 -10.563250681750489 12.208235433275146 -0.10749524490833284 0
Cone 0 0 0 -1 -1 -1 -1 0.2032 0.2032 0.3048 -11.14147449830424 10.352489863410238 -0.0969517239113649 0
Cone 0 0 0 -1 -1 -1 -1 0.2032 0.2032 0.3048 3.8439010252629595 5.4975157922254425 0.14589091184933978 0
Cone 0 0 0 -1 -1 -1 -1 0.2032 0.2032 0.3048 3.5670035153701782 9.77377537347341 -0.03959850427309674 0
Cone 0 0 0 -1 -1 -1 -1 0.2032 0.2032 0.3048 7.921176341183472 16.78977369723185 -0.2055436765829722 0
Cone 0 0 0 -1 -1 -1 -1 0.2032 0.2032 0.3048 -9.944765103849285 14.081917868628743 -0.1917988335768382 0
