Cone 0 0 0 -1 -1 -1 -1 0.2032 0.2032 0.3048 -11.40362581907959 8.264000013048095 0.12248802973031997 0
Cone 0 0 0 -1 -1 -1 -1 0.2032 0.2032 0.3048 -14.231679436557007 10.856518533403321 0.15188959730863572 0
Cone 0 0 0 -1 -1 -1 -1 0.2032 0.2032 0.3048 -9.561825248591614 9.491412236864013 0.06597624948322772 0
Cone 0 0 0 -1 -1 -1 -1 0.2032 0.2032 0.3048 -12.901889058940124 12.343959524804992 0.07535107476711272 0
Cone 0 0 0 -1 -1 -1 -1 0.2032 0.2032 0.3048 -8.123784268888347 8.112910869295044 0.06329613768259684 0
Cone 0 0 0 -1 -1 -1 -1 0.2032 0.2032 0.3048 -11.516322943560791 13.771858130469564 0.05547940525611241 0
Cone 0 0 0 -1 -1 -1 -1 0.2032 0.2032 0.3048 -2.262707172381945 2.7535301735193407 0.10066850119310394 0
Cone 0 0 0 -1 -1 -1 -1 0.2032 0.2032 0.3048 -10.091674393739149 15.229180516045599 0.0348929717461268 0
Cone 0 0 0 -1 -1 -1 -1 0.2032 0.2032 0.3048 -5.441911475054932 10.86721132057373 0.025217198562622063 0
Cone 0 0 0 -1 -1 -1 -1 0.2032 0.2032 0.3048 -6.939804407946777 12.245277240449829 0.028865009230375282 0
Cone 0 0 0 -1 -1 -1 -1 0.2032 0.2032 0.3048 -4.070163954290263 9.56526023007894 0.010757642171780261 0
Cone 0 0 0 -1 -1 -1 -1 0.2032 0.2032 0.3048 -6.648995364698282 6.75471427696411 0.059957019420464816 0
Cone 0 0 0 -1 -1 -1 -1 0.2032 0.2032 0.3048 -1.1212963789627075 6.898694827730102 0.05138783199787139 0
Cone 0 0 0 -1 -1 -1 -1 0.2032 0.2032 0.3048 0.3608063168898106 5.461132958108825 0.03811067292541264 0
Cone 0 0 0 -1 -1 -1 -1 0.2032 0.2032 0.3048 1.9871950225169943 2.792719305433505 0.16608455668955363 0
