Cone 0 0 0 -1 -1 -1 -1 0.2032 0.2032 0.3048 -13.712569567553711 9.489747359926147 0.24997731993049382 0
Cone 0 0 0 -1 -1 -1 -1 0.2032 0.2032 0.3048 -13.238261255614471 11.447631373578949 0.17989638839922845 0
Cone 0 0 0 -1 -1 -1 -1 0.2032 0.2032 0.3048 -10.283116671435547 12.866090252572937 0.017034046781063072 0
Cone 0 0 0 -1 -1 -1 -1 0.2032 0.2032 0.3048 -12.198582980029297 13.392412736589355 0.03483349624474843 0
Cone 0 0 0 -1 -1 -1 -1 0.2032 0.2032 0.3048 -1.4145153060226352 2.1869108646958066 0.17155593607593486 0
Cone 0 0 0 -1 -1 -1 -1 0.2032 0.2032 0.3048 -2.1629356970315294 4.390485504840456 0.10176271972631412 0
Cone 0 0 0 -1 -1 -1 -1 0.2032 0.2032 0.3048 -7.4371737569496155 16.09911914127533 -0.14809644179344178 0
Cone 0 0 0 -1 -1 -1 -1 0.2032 0.2032 0.3048 2.6334136198038736 9.98057990443458 -0.064146240123113 0
Cone 0 0 0 -1 -1 -1 -1 0.2032 0.2032 0.3048 -2.5588088278185164 10.878221994641637 -0.07457672016620635 0
Cone 0 0 0 -1 -1 -1 -1 0.2032 0.2032 0.3048 2.494861868031311 7.341012075120849 0.012087472212314598 0
Cone 0 0 0 -1 -1 -1 -1 0.2032 0.2032 0.3048 -1.6041166593556722 10.270315208343641 -0.06416652225918242 0
Cone 0 0 0 -1 -1 -1 -1 0.2032 0.2032 0.3048 -4.489941141001892 11.373599269563599 -0.07449031578302384 0
Cone 0 0 0 -1 -1 -1 -1 0.2032 0.2032 0.3048 1.5366150502722058 3.4983279902471542 0.09865099627429788 0
Cone 0 0 0 -1 -1 -1 -1 0.2032 0.2032 0.3048 -8.34950435657552 12.359839396915147 -0.016821960179011036 0
Cone 0 0 0 -1 -1 -1 -1 0.2032 0.2032 0.3048 -1.1035624343610395 9.229693001134786 -0.020281572377515017 0
Cone 0 0 0 -1 -1 -1 -1 0.2032 0.2032 0.3048 1.1422538826937358 12.95331930575236 -0.18329900460243229 0
Cone 0 0 0 -1 -1 -1 -1 0.2032 0.2032 0.3048 -6.418112502819146 11.885255135338813 -0.07721763541433548 0
Cone 0 0 0 -1 -1 -1 -1 0.2032 0.2032 0.3048 -1.608971946430715 14.610322390570882 -0.21560548202991486 0
Cone 0 0 0 -1 -1 -1 -1 0.2032 0.2032 0.3048 2.02104846008038 5.3863924334636195 0.08107440492488717 0
Cone 0 0 0 -1 -1 -1 -1 0.2032 0.2032 0.3048 -3.5792675942108154 15.13525159614746 -0.19145713703632355 0
Cone 0 0 0 -1 -1 -1 -1 0.2032 0.2032 0.3048 -1.6730424791500091 6.315485372716827 0.05693890569806098 0
Cone 0 0 0 -1 -1 -1 -1 0.2032 0.2032 0.3048 -1.1743192702457428 8.318372542236887 -0.005523847607771563 0
Cone 0 0 0 -1 -1 -1 -1 0.2032 0.2032 0.3048 -5.506247851245117 15.603326871568603 -0.18294388012886048 0
