Cone 0 0 0 -1 -1 -1 -1 0.2032 0.2032 0.3048 -12.693651291720581 9.709598734552307 -0.045579507517814644 0
Cone 0 0 0 -1 -1 -1 -1 0.2032 0.2032 0.3048 -13.303253743045044 13.470098807985229 -0.2039026241183281 0
Cone 0 0 0 -1 -1 -1 -1 0.2032 0.2032 0.3048 -10.70343501004164 10.014862505503471 -0.07928145882288616 0
Cone 0 0 0 -1 -1 -1 -1 0.2032 0.2032 0.3048 -11.363406512133789 13.780134275133056 -0.2832942898750305 0
Cone 0 0 0 -1 -1 -1 -1 0.2032 0.2032 0.3048 -8.738791351509603 10.356469832434895 -0.14842083907922107 0
Cone 0 0 0 -1 -1 -1 -1 0.2032 0.2032 0.3048 -9.410978330167643 14.146467441891277 -0.29370658553441364 0
Cone 0 0 0 -1 -1 -1 -1 0.2032 0.2032 0.3048 -2.2473734717919123 3.1981000240864974 0.11300087766027637 0
Cone 0 0 0 -1 -1 -1 -1 0.2032 0.2032 0.3048 -5.647586295001221 10.528274355902914 -0.1654657806634903 0
Cone 0 0 0 -1 -1 -1 -1 0.2032 0.2032 0.3048 -6.741441262754313 10.695158158316852 -0.18097499963442484 0
Cone 0 0 0 -1 -1 -1 -1 0.2032 0.2032 0.3048 -4.098361769973415 6.83033616798584 0.004909148248036697 0
Cone 0 0 0 -1 -1 -1 -1 0.2032 0.2032 0.3048 -4.446395852160963 8.881389135693155 -0.14131507172485197 0
Cone 0 0 0 -1 -1 -1 -1 0.2032 0.2032 0.3048 -4.750876511129252 9.773776525829874 -0.14193114694754283 0
Cone 0 0 0 -1 -1 -1 -1 0.2032 0.2032 0.3048 -1.6151019364521026 11.925391748125 -0.2718865569114685 0
Cone 0 0 0 -1 -1 -1 -1 0.2032 0.2032 0.3048 -0.004348919284852343 5.506445879314982 0.033422321510314934 0
Cone 0 0 0 -1 -1 -1 -1 0.2032 0.2032 0.3048 -0.34449994861335753 7.4380790736026 -0.07475091474056245 0
Cone 0 0 0 -1 -1 -1 -1 0.2032 0.2032 0.3048 -0.6709340977052516 9.484555786696443 -0.12287274686206473 0
Cone 0 0 0 -1 -1 -1 -1 0.2032 0.2032 0.3048 1.5133140758807944 3.8200447360964507 0.12880039972957938 0
Cone 0 0 0 -1 -1 -1 -1 0.2032 0.2032 0.3048 -3.782310379537455 4.894636307730916 0.08557057175238926 0
Cone 0 0 0 -1 -1 -1 -1 0.2032 0.2032 0.3048 -4.217266413562012 14.092345788652343 -0.32198901431560517 0
