Cone 0 0 0 -1 -1 -1 -1 0.2032 0.2032 0.3048 -14.672713801257325 13.133745426510417 -0.065037819314003 0
Cone 0 0 0 -1 -1 -1 -1 0.2032 0.2032 0.3048 -11.939908954493713 9.84621043461029 0.008132985290884964 0
Cone 0 0 0 -1 -1 -1 -1 0.2032 0.2032 0.3048 -9.820021880658976 9.785179609631143 -0.05664817325075468 0
Cone 0 0 0 -1 -1 -1 -1 0.2032 0.2032 0.3048 -11.783621694967989 13.669573963921575 -0.12129108730422127 0
Cone 0 0 0 -1 -1 -1 -1 0.2032 0.2032 0.3048 -5.945437881343079 9.691745037411296 -0.09456350363095602 0
Cone 0 0 0 -1 -1 -1 -1 0.2032 0.2032 0.3048 -9.77295749683431 13.58178241508667 -0.11747132198810578 0
Cone 0 0 0 -1 -1 -1 -1 0.2032 0.2032 0.3048 -7.766627324613444 13.527918222124024 -0.209867139228185 0
Cone 0 0 0 -1 -1 -1 -1 0.2032 0.2032 0.3048 -12.920131378365072 9.690346950863443 0.02210872911612192 0
Cone 0 0 0 -1 -1 -1 -1 0.2032 0.2032 0.3048 -1.9072935392384847 3.508493054483972 0.07592837530573207 0
Cone 0 0 0 -1 -1 -1 -1 0.2032 0.2032 0.3048 -1.8363139361068725 7.391332064643148 -0.12346839861869813 0
Cone 0 0 0 -1 -1 -1 -1 0.2032 0.2032 0.3048 -3.778581139437866 13.49057713605428 -0.2203166261990865 0
Cone 0 0 0 -1 -1 -1 -1 0.2032 0.2032 0.3048 -2.6709997512822468 9.191274796500446 -0.1415418544093768 0
Cone 0 0 0 -1 -1 -1 -1 0.2032 0.2032 0.3048 -0.5440120190307617 12.379286554033202 -0.21110625025431312 0
Cone 0 0 0 -1 -1 -1 -1 0.2032 0.2032 0.3048 1.3664016455486299 10.082486608201904 -0.14144835131168368 0
Cone 0 0 0 -1 -1 -1 -1 0.2032 0.2032 0.3048 1.9466906656895955 7.280341858242594 -0.11677890973091126 0
Cone 0 0 0 -1 -1 -1 -1 0.2032 0.2032 0.3048 1.8929745376184464 5.296543493444366 0.001752850097417824 0
Cone 0 0 0 -1 -1 -1 -1 0.2032 0.2032 0.3048 1.9075764454147761 3.3960104398343067 0.11161086564958095 0
Cone 0 0 0 -1 -1 -1 -1 0.2032 0.2032 0.3048 -7.829847010962677 9.69744278448288 -0.08361171143054963 0
Cone 0 0 0 -1 -1 -1 -1 0.2032 0.2032 0.3048 -5.80623861649882 13.521882099484051 -0.2068492765903473 0
Cone 0 0 0 -1 -1 -1 -1 0.2032 0.2032 0.3048 -2.0401484766102382 8.440424141716743 -0.09035412157944271 0
Cone 0 0 0 -1 -1 -1 -1 0.2032 0.2032 0.3048 -1.867146942012024 5.485538914377136 -0.01921736406087876 0
Cone 0 0 0 -1 -1 -1 -1 0.2032 0.2032 0.3048 -3.79565401573232 9.627096838329877 -0.13564761089086536 0
