Cone 0 0 0 -1 -1 -1 -1 0.2032 0.2032 0.3048 -10.00649252168918 8.925088506183334 -0.1854857731872135 0
Cone 0 0 0 -1 -1 -1 -1 0.2032 0.2032 0.3048 -6.039883447679393 5.055729652021967 -0.010113148210446047 0
Cone 0 0 0 -1 -1 -1 -1 0.2032 0.2032 0.3048 -12.014813753955078 8.913490846330566 -0.22430236097971598 0
Cone 0 0 0 -1 -1 -1 -1 0.2032 0.2032 0.3048 -8.017027232043457 8.889272763902587 -0.14092613713741303 0
Cone 0 0 0 -1 -1 -1 -1 0.2032 0.2032 0.3048 -1.990011802970547 2.5566734140859473 0.1356149536606338 0
Cone 0 0 0 -1 -1 -1 -1 0.2032 0.2032 0.3048 -5.996035422763626 8.867534125201326 -0.13889649070103965 0
Cone 0 0 0 -1 -1 -1 -1 0.2032 0.2032 0.3048 -4.655712776375324 11.913969643819309 -0.2499597896152073 0
Cone 0 0 0 -1 -1 -1 -1 0.2032 0.2032 0.3048 -2.04276737868042 4.933637693101806 0.02583413614034652 0
Cone 0 0 0 -1 -1 -1 -1 0.2032 0.2032 0.3048 -1.8901378422901154 4.460472741300506 0.0967010748207569 0
Cone 0 0 0 -1 -1 -1 -1 0.2032 0.2032 0.3048 -3.9954951203457307 8.825798971599411 -0.09137322509705076 0
Cone 0 0 0 -1 -1 -1 -1 0.2032 0.2032 0.3048 -4.044218751780701 5.062992766076965 0.058074441236257546 0
Cone 0 0 0 -1 -1 -1 -1 0.2032 0.2032 0.3048 -2.007295047235998 8.839311280424042 -0.07025130323370299 0
Cone 0 0 0 -1 -1 -1 -1 0.2032 0.2032 0.3048 1.99212781092275 8.707017504888277 -0.03358953325180781 0
Cone 0 0 0 -1 -1 -1 -1 0.2032 0.2032 0.3048 1.8763611783658345 4.358909278685493 0.08785911009411015 0
Cone 0 0 0 -1 -1 -1 -1 0.2032 0.2032 0.3048 1.8411960989311218 2.353575718973719 0.19696023829976714 0
Cone 0 0 0 -1 -1 -1 -1 0.2032 0.2032 0.3048 -0.04664793783675829 8.80573594031199 -0.061989332306385064 0
