Cone 0 0 0 -1 -1 -1 -1 0.2032 0.2032 0.3048 -14.566209170214844 13.033813550645752 0.24469594205571338 0
Cone 0 0 0 -1 -1 -1 -1 0.2032 0.2032 0.3048 -13.34664225279541 10.93121803062622 0.2698454957555979 0
Cone 0 0 0 -1 -1 -1 -1 0.2032 0.2032 0.3048 1.5969631065999348 13.150554286017657 -0.042786074248949695 0
Cone 0 0 0 -1 -1 -1 -1 0.2032 0.2032 0.3048 1.6275388128775095 11.141929405363188 -0.015514196664946427 0
Cone 0 0 0 -1 -1 -1 -1 0.2032 0.2032 0.3048 1.7481277342427934 5.162753281426216 0.13162136706198962 0
Cone 0 0 0 -1 -1 -1 -1 0.2032 0.2032 0.3048 -8.293360166740927 15.115475251848144 -0.014309700149297722 0
Cone 0 0 0 -1 -1 -1 -1 0.2032 0.2032 0.3048 -6.381120376778157 15.195853069002075 -0.027511335480213173 0
Cone 0 0 0 -1 -1 -1 -1 0.2032 0.2032 0.3048 1.8069457441642762 3.2376117572929886 0.15946142716407774 0
Cone 0 0 0 -1 -1 -1 -1 0.2032 0.2032 0.3048 -10.233395788066101 15.116097047502443 0.015567893591523163 0
Cone 0 0 0 -1 -1 -1 -1 0.2032 0.2032 0.3048 -2.0311329891209917 5.190493220661722 0.14820960455338159 0
Cone 0 0 0 -1 -1 -1 -1 0.2032 0.2032 0.3048 1.686071686156082 9.151272227937621 0.01594166053533553 0
Cone 0 0 0 -1 -1 -1 -1 0.2032 0.2032 0.3048 -4.234632155291748 15.20245619870687 -0.01179960923194886 0
Cone 0 0 0 -1 -1 -1 -1 0.2032 0.2032 0.3048 -2.16833703616511 11.164429865851645 -0.001256201732158669 0
Cone 0 0 0 -1 -1 -1 -1 0.2032 0.2032 0.3048 -2.0005057682519274 3.2471594706919227 0.18951415275647304 0
Cone 0 0 0 -1 -1 -1 -1 0.2032 0.2032 0.3048 -2.114521761396705 9.12838821401991 0.08741803965502315 0
Cone 0 0 0 -1 -1 -1 -1 0.2032 0.2032 0.3048 -4.375948378436279 19.08561933296387 -0.07404657261371614 0
Cone 0 0 0 -1 -1 -1 -1 0.2032 0.2032 0.3048 1.7180055250798543 7.176571284308675 0.08493374827702839 0
Cone 0 0 0 -1 -1 -1 -1 0.2032 0.2032 0.3048 -13.356118056170654 14.915982797319336 0.18945204509496688 0
Cone 0 0 0 -1 -1 -1 -1 0.2032 0.2032 0.3048 -12.389278742663574 15.146518622412923 0.09304143183628717 0
Cone 0 0 0 -1 -1 -1 -1 0.2032 0.2032 0.3048 -1.1098734348937989 18.124766519243167 -0.138335936832428 0
Cone 0 0 0 -1 -1 -1 -1 0.2032 0.2032 0.3048 -3.1319391757175445 14.90733078576589 -0.0317359251956145 0
Cone 0 0 0 -1 -1 -1 -1 0.2032 0.2032 0.3048 0.9065511867478371 15.940404250795288 -0.0867044660627842 0
Cone 0 0 0 -1 -1 -1 -1 0.2032 0.2032 0.3048 -2.2354700893089294 13.11726776219869 -0.02350424187183381 0
Cone 0 0 0 -1 -1 -1 -1 0.2032 0.2032 0.3048 -6.396909567706299 19.010369470292968 -0.11004512565135957 0
Cone 0 0 0 -1 -1 -1 -1 0.2032 0.2032 0.3048 -2.0872634380981445 7.1590324785060115 0.12447689330279826 0
