Cone 0 0 0 -1 -1 -1 -1 0.2032 0.2032 0.3048 -12.932011935107422 8.639793231660766 0.0013973866224288867 0
Cone 0 0 0 -1 -1 -1 -1 0.2032 0.2032 0.3048 -15.272696921221923 12.205603101427002 -0.06750469760894776 0
Cone 0 0 0 -1 -1 -1 -1 0.2032 0.2032 0.3048 -10.849417487441679 8.874926641160888 -0.0380207792599996 0
Cone 0 0 0 -1 -1 -1 -1 0.2032 0.2032 0.3048 -13.324466771211075 12.441148884999729 -0.11323529770109388 0
Cone 0 0 0 -1 -1 -1 -1 0.2032 0.2032 0.3048 -8.850530796242268 9.12338365969523 -0.0296095764319102 0
Cone 0 0 0 -1 -1 -1 -1 0.2032 0.2032 0.3048 -11.28468439280243 12.656529858285827 -0.08215669872164727 0
Cone 0 0 0 -1 -1 -1 -1 0.2032 0.2032 0.3048 -9.343264076106262 12.925570323640747 -0.07744904937148095 0
Cone 0 0 0 -1 -1 -1 -1 0.2032 0.2032 0.3048 -2.0574707186809964 3.4208973426699405 0.1001236056026485 0
Cone 0 0 0 -1 -1 -1 -1 0.2032 0.2032 0.3048 -6.89331061654823 9.34177466640716 -0.017299840181971365 0
Cone 0 0 0 -1 -1 -1 -1 0.2032 0.2032 0.3048 -7.35850224196167 13.172435894185943 -0.037743536326289184 0
Cone 0 0 0 -1 -1 -1 -1 0.2032 0.2032 0.3048 -4.882049903266144 9.55130330977305 -0.03648706507484119 0
Cone 0 0 0 -1 -1 -1 -1 0.2032 0.2032 0.3048 -5.366466193390401 13.408551910097046 -0.017384022790193566 0
Cone 0 0 0 -1 -1 -1 -1 0.2032 0.2032 0.3048 0.6109540989075979 14.02806632774536 -0.06439638392925262 0
Cone 0 0 0 -1 -1 -1 -1 0.2032 0.2032 0.3048 1.7013344595904032 3.8440378770973713 0.07143807770758867 0
Cone 0 0 0 -1 -1 -1 -1 0.2032 0.2032 0.3048 -2.718233348965775 9.307679360162052 -0.016028052505898106 0
Cone 0 0 0 -1 -1 -1 -1 0.2032 0.2032 0.3048 1.5026632352082148 5.8301628376788335 0.08556405332220925 0
Cone 0 0 0 -1 -1 -1 -1 0.2032 0.2032 0.3048 -2.2799029976055145 5.350708042159321 0.03234747653901576 0
Cone 0 0 0 -1 -1 -1 -1 0.2032 0.2032 0.3048 1.0499438965394972 9.661750632300617 -0.03601631697813671 0
Cone 0 0 0 -1 -1 -1 -1 0.2032 0.2032 0.3048 -3.3787902086898804 13.634374549562377 -0.0506119902610779 0
Cone 0 0 0 -1 -1 -1 -1 0.2032 0.2032 0.3048 -2.499929957581075 7.349835867260539 0.005852595400810234 0
Cone 0 0 0 -1 -1 -1 -1 0.2032 0.2032 0.3048 -1.4118464857265471 13.871456458742067 -0.05124332861900332 0
Cone 0 0 0 -1 -1 -1 -1 0.2032 0.2032 0.3048 -2.966042962000614 9.80970204662082 -0.01583894589013524 0
