Cone 0 0 0 -1 -1 -1 -1 0.2032 0.2032 0.3048 -7.177869097583008 6.178465192491453 0.021070206594467154 0
Cone 0 0 0 -1 -1 -1 -1 0.2032 0.2032 0.3048 -10.554656240336609 11.481033995325012 -0.16776054309606553 0
Cone 0 0 0 -1 -1 -1 -1 0.2032 0.2032 0.3048 -7.883672806613159 8.386650712058067 -0.08123740108845727 0
Cone 0 0 0 -1 -1 -1 -1 0.2032 0.2032 0.3048 -12.861584278933716 11.82216007965271 -0.16711569534540177 0
Cone 0 0 0 -1 -1 -1 -1 0.2032 0.2032 0.3048 -11.934352609507751 16.06031111337209 -0.3131574388027191 0
Cone 0 0 0 -1 -1 -1 -1 0.2032 0.2032 0.3048 -8.653082502874247 10.63619903184438 -0.16837656703392664 0
Cone 0 0 0 -1 -1 -1 -1 0.2032 0.2032 0.3048 -2.213841983668518 2.721794395024223 0.14506373172700399 0
Cone 0 0 0 -1 -1 -1 -1 0.2032 0.2032 0.3048 -10.407971474520874 14.768582179719848 -0.27012081401348115 0
Cone 0 0 0 -1 -1 -1 -1 0.2032 0.2032 0.3048 -5.468046155848331 11.323684584813813 -0.1593833433696202 0
Cone 0 0 0 -1 -1 -1 -1 0.2032 0.2032 0.3048 -8.077031657092284 14.406914562557779 -0.261176091003418 0
Cone 0 0 0 -1 -1 -1 -1 0.2032 0.2032 0.3048 -3.9420314162895203 6.84604330318634 0.008902203720808022 0
Cone 0 0 0 -1 -1 -1 -1 0.2032 0.2032 0.3048 -1.9674309223815918 6.116045469616496 -0.023883645304044094 0
Cone 0 0 0 -1 -1 -1 -1 0.2032 0.2032 0.3048 -4.5932167992603175 9.200295561655418 -0.05724688024240384 0
Cone 0 0 0 -1 -1 -1 -1 0.2032 0.2032 0.3048 0.18056809977440835 5.578931024248046 0.03790356857776641 0
Cone 0 0 0 -1 -1 -1 -1 0.2032 0.2032 0.3048 -6.223360106341553 13.606637265855714 -0.187695192861557 0
Cone 0 0 0 -1 -1 -1 -1 0.2032 0.2032 0.3048 2.127844726384502 2.7343675771434865 0.1298806877803885 0
Cone 0 0 0 -1 -1 -1 -1 0.2032 0.2032 0.3048 6.792176948991903 7.300387615536296 0.022470506958166752 0
