Cone 0 0 0 -1 -1 -1 -1 0.2032 0.2032 0.3048 -13.273532959811401 12.519474103624267 -0.21261675612926484 0
Cone 0 0 0 -1 -1 -1 -1 0.2032 0.2032 0.3048 -5.951623585150485 7.297323438764919 -0.05049628953271443 0
Cone 0 0 0 -1 -1 -1 -1 0.2032 0.2032 0.3048 -9.710634456401909 10.120123036611057 -0.1988300776163737 0
Cone 0 0 0 -1 -1 -1 -1 0.2032 0.2032 0.3048 -7.232678569349161 9.47548293528422 -0.11743267284631734 0
Cone 0 0 0 -1 -1 -1 -1 0.2032 0.2032 0.3048 -3.0048128760448876 4.415719199089185 0.0687366123980946 0
Cone 0 0 0 -1 -1 -1 -1 0.2032 0.2032 0.3048 -8.378413411967468 14.099417522127075 -0.3694900269985199 0
Cone 0 0 0 -1 -1 -1 -1 0.2032 0.2032 0.3048 -1.6170875145917258 3.019481572483622 0.13755776170094808 0
Cone 0 0 0 -1 -1 -1 -1 0.2032 0.2032 0.3048 -2.6291365492048753 9.075753981004356 -0.12831327568734138 0
Cone 0 0 0 -1 -1 -1 -1 0.2032 0.2032 0.3048 -3.5766734978907992 10.883921492954451 -0.198112217439924 0
Cone 0 0 0 -1 -1 -1 -1 0.2032 0.2032 0.3048 -1.6606929033920288 7.332512452775879 -0.11044160482088726 0
Cone 0 0 0 -1 -1 -1 -1 0.2032 0.2032 0.3048 -5.264556420835368 12.924647564266765 -0.39198908166885377 0
Cone 0 0 0 -1 -1 -1 -1 0.2032 0.2032 0.3048 -8.60661015211792 10.303843254421794 -0.17769332683881123 0
Cone 0 0 0 -1 -1 -1 -1 0.2032 0.2032 0.3048 0.34693471790103914 6.156520440751953 -0.030078440475463878 0
Cone 0 0 0 -1 -1 -1 -1 0.2032 0.2032 0.3048 1.6243693971465565 2.41540252798731 0.13303303368584918 0
Cone 0 0 0 -1 -1 -1 -1 0.2032 0.2032 0.3048 1.749603286392975 4.762864401513976 0.09121495801409085 0
Cone 0 0 0 -1 -1 -1 -1 0.2032 0.2032 0.3048 -15.086106154315186 11.588365152055664 -0.19722358839511872 0
Cone 0 0 0 -1 -1 -1 -1 0.2032 0.2032 0.3048 -5.0322532385513306 5.564363196069641 0.021165177655220024 0
