Cone 0 0 0 -1 -1 -1 -1 0.2032 0.2032 0.3048 -14.402575823657227 12.057417657548827 0.0732373122692108 0
Cone 0 0 0 -1 -1 -1 -1 0.2032 0.2032 0.3048 -7.677958914630127 8.534146859819336 0.015288759452104561 0
Cone 0 0 0 -1 -1 -1 -1 0.2032 0.2032 0.3048 -11.528236624591065 12.570959594423217 -0.02149474130868912 0
Cone 0 0 0 -1 -1 -1 -1 0.2032 0.2032 0.3048 -9.534315002950542 12.433635269179586 0.008486575565735493 0
Cone 0 0 0 -1 -1 -1 -1 0.2032 0.2032 0.3048 -1.775537104930327 2.1984988576584157 0.12977590084564355 0
Cone 0 0 0 -1 -1 -1 -1 0.2032 0.2032 0.3048 -7.538404700152588 12.350344255144043 -0.03492552654743195 0
Cone 0 0 0 -1 -1 -1 -1 0.2032 0.2032 0.3048 -5.734743525378418 8.445491661404214 0.019709377320607496 0
Cone 0 0 0 -1 -1 -1 -1 0.2032 0.2032 0.3048 -1.738822087969229 4.227446010948527 0.08049607079757581 0
Cone 0 0 0 -1 -1 -1 -1 0.2032 0.2032 0.3048 -3.592580290202241 8.368029526588817 -0.00526975584541049 0
Cone 0 0 0 -1 -1 -1 -1 0.2032 0.2032 0.3048 -5.588276240222168 12.29900129097168 -0.008584931063652046 0
Cone 0 0 0 -1 -1 -1 -1 0.2032 0.2032 0.3048 -1.6893265674437206 6.123647247328999 0.01650928376317024 0
Cone 0 0 0 -1 -1 -1 -1 0.2032 0.2032 0.3048 -2.4898224469613814 7.948419035714178 -0.019611995238065727 0
Cone 0 0 0 -1 -1 -1 -1 0.2032 0.2032 0.3048 -1.8772424489185333 7.206425144845886 0.03409023625850677 0
Cone 0 0 0 -1 -1 -1 -1 0.2032 0.2032 0.3048 -3.540587040774536 12.203816249544069 -0.077006414103508 0
Cone 0 0 0 -1 -1 -1 -1 0.2032 0.2032 0.3048 -0.3022024785404523 11.062696689938152 -0.08245054341157279 0
Cone 0 0 0 -1 -1 -1 -1 0.2032 0.2032 0.3048 2.024124763416735 4.0063536709295136 0.09853543446163335 0
Cone 0 0 0 -1 -1 -1 -1 0.2032 0.2032 0.3048 -9.629170073064678 8.634170566573385 0.038768856284022324 0
Cone 0 0 0 -1 -1 -1 -1 0.2032 0.2032 0.3048 2.1064536442433677 5.997707202608033 0.07748452865282694 0
Cone 0 0 0 -1 -1 -1 -1 0.2032 0.2032 0.3048 1.5754620303784688 8.765332023096118 -0.00260090061564378 0
Cone 0 0 0 -1 -1 -1 -1 0.2032 0.2032 0.3048 2.003165976545037 2.0405457442746986 0.2095772744205263 0
