Cone 0 0 0 -1 -1 -1 -1 0.2032 0.2032 0.3048 -15.939871880404663 11.333918168718261 0.2361488712120801 0
Cone 0 0 0 -1 -1 -1 -1 0.2032 0.2032 0.3048 -11.922434183947754 10.73978916265035 0.228246848838528 0
Cone 0 0 0 -1 -1 -1 -1 0.2032 0.2032 0.3048 -13.98298233051351 11.93168075340454 0.260624079152445 0
Cone 0 0 0 -1 -1 -1 -1 0.2032 0.2032 0.3048 -5.840724789095433 5.210709198886795 0.13943838627152144 0
Cone 0 0 0 -1 -1 -1 -1 0.2032 0.2032 0.3048 -7.815904167828924 8.40626974361603 0.143850226469067 0
Cone 0 0 0 -1 -1 -1 -1 0.2032 0.2032 0.3048 -9.867181189137922 9.747264833964406 0.1605318081865353 0
Cone 0 0 0 -1 -1 -1 -1 0.2032 0.2032 0.3048 -1.6118609842666929 2.1100882950104047 0.14036674249516307 0
Cone 0 0 0 -1 -1 -1 -1 0.2032 0.2032 0.3048 -3.7186016172096252 6.412590935403747 0.11462860224843024 0
Cone 0 0 0 -1 -1 -1 -1 0.2032 0.2032 0.3048 -5.8775362302785235 9.154012793873394 0.12718104055225846 0
Cone 0 0 0 -1 -1 -1 -1 0.2032 0.2032 0.3048 -1.8408485084697723 5.216574782703958 0.10491203745901583 0
Cone 0 0 0 -1 -1 -1 -1 0.2032 0.2032 0.3048 -2.519052995237223 6.0391439542915855 0.09576795168916384 0
Cone 0 0 0 -1 -1 -1 -1 0.2032 0.2032 0.3048 -1.6424619022268505 4.2184683626638275 0.13048411451975503 0
Cone 0 0 0 -1 -1 -1 -1 0.2032 0.2032 0.3048 -3.9413420991690744 10.225185659105223 0.08028235975106557 0
Cone 0 0 0 -1 -1 -1 -1 0.2032 0.2032 0.3048 -0.5695484167263031 9.292774636918944 0.022497587633132927 0
Cone 0 0 0 -1 -1 -1 -1 0.2032 0.2032 0.3048 12.795881894238281 7.953031963680825 0.0064891084353129 0
Cone 0 0 0 -1 -1 -1 -1 0.2032 0.2032 0.3048 12.730576857581285 11.961480719655688 -0.16485017465937374 0
Cone 0 0 0 -1 -1 -1 -1 0.2032 0.2032 0.3048 12.776063718315537 9.786799129240537 -0.07807397596294231 0
Cone 0 0 0 -1 -1 -1 -1 0.2032 0.2032 0.3048 2.1602679753661747 2.2048120708724577 0.2041179166220572 0
Cone 0 0 0 -1 -1 -1 -1 0.2032 0.2032 0.3048 1.513607151317088 6.998014365210775 0.049717213145891816 0
Cone 0 0 0 -1 -1 -1 -1 0.2032 0.2032 0.3048 2.1417069822624204 4.157773238991342 0.10516384634574254 0
