Cone 0 0 0 -1 -1 -1 -1 0.2032 0.2032 0.3048 -6.005367113807975 6.562837497301872 -0.033537633929484424 0
Cone 0 0 0 -1 -1 -1 -1 0.2032 0.2032 0.3048 -1.8781649930535211 2.140621246140509 0.10856527149544822 0
Cone 0 0 0 -1 -1 -1 -1 0.2032 0.2032 0.3048 -11.6218372315094 14.8442412163562 -0.3160246531844139 0
Cone 0 0 0 -1 -1 -1 -1 0.2032 0.2032 0.3048 -8.25299253694797 12.46574573507704 -0.24513888978428314 0
Cone 0 0 0 -1 -1 -1 -1 0.2032 0.2032 0.3048 -6.265580597512436 8.86096606112981 -0.10563735062181952 0
Cone 0 0 0 -1 -1 -1 -1 0.2032 0.2032 0.3048 -8.617935299534777 17.196166377505968 -0.39024376826286317 0
Cone 0 0 0 -1 -1 -1 -1 0.2032 0.2032 0.3048 -6.576252540938568 11.241314604455871 -0.20485888453125956 0
Cone 0 0 0 -1 -1 -1 -1 0.2032 0.2032 0.3048 -2.719095262877655 6.497629954988403 -0.08312069581747056 0
Cone 0 0 0 -1 -1 -1 -1 0.2032 0.2032 0.3048 -7.418018314234924 15.65692980545227 -0.3790364410161972 0
Cone 0 0 0 -1 -1 -1 -1 0.2032 0.2032 0.3048 -3.293812677256775 11.230531003648682 -0.1723624543031057 0
Cone 0 0 0 -1 -1 -1 -1 0.2032 0.2032 0.3048 -2.880125777912648 8.956358363801879 -0.09846157438357672 0
Cone 0 0 0 -1 -1 -1 -1 0.2032 0.2032 0.3048 -5.2180585195546465 14.804639413530273 -0.3219397361755371 0
Cone 0 0 0 -1 -1 -1 -1 0.2032 0.2032 0.3048 -0.9462980856423695 5.41184710917338 0.02032598647673924 0
Cone 0 0 0 -1 -1 -1 -1 0.2032 0.2032 0.3048 -3.546370598666382 13.590607399319255 -0.2434472586393356 0
Cone 0 0 0 -1 -1 -1 -1 0.2032 0.2032 0.3048 1.0387763599629083 4.496502064810266 0.0646108044611556 0
