Cone 0 0 0 -1 -1 -1 -1 0.2032 0.2032 0.3048 -12.030119511477661 10.014663293535156 0.15819304735474288 0
Cone 0 0 0 -1 -1 -1 -1 0.2032 0.2032 0.3048 -8.01248418191325 6.223487027394747 0.13380301306512618 0
Cone 0 0 0 -1 -1 -1 -1 0.2032 0.2032 0.3048 -10.060124394290161 10.010791566545409 0.1370233193606138 0
Cone 0 0 0 -1 -1 -1 -1 0.2032 0.2032 0.3048 -6.095645594258287 6.259047751865098 0.11126192482676767 0
Cone 0 0 0 -1 -1 -1 -1 0.2032 0.2032 0.3048 -8.04329604803772 10.036235358888549 0.09106134926974772 0
Cone 0 0 0 -1 -1 -1 -1 0.2032 0.2032 0.3048 -1.8684150199304852 2.192015595496055 0.09058951582568031 0
Cone 0 0 0 -1 -1 -1 -1 0.2032 0.2032 0.3048 -3.933678480975342 6.2659230973071285 0.09727865500450134 0
Cone 0 0 0 -1 -1 -1 -1 0.2032 0.2032 0.3048 -2.798818251483154 5.905432870561523 0.09914123011827468 0
Cone 0 0 0 -1 -1 -1 -1 0.2032 0.2032 0.3048 -6.04556208916984 10.047028322209943 0.09051391496612475 0
Cone 0 0 0 -1 -1 -1 -1 0.2032 0.2032 0.3048 -1.9264937693799655 4.124087829962018 0.12938389473358788 0
Cone 0 0 0 -1 -1 -1 -1 0.2032 0.2032 0.3048 -2.1488586157485963 5.141648271257323 0.11508624671101568 0
Cone 0 0 0 -1 -1 -1 -1 0.2032 0.2032 0.3048 -0.7874983802363396 9.081406369382782 0.020709320711096116 0
Cone 0 0 0 -1 -1 -1 -1 0.2032 0.2032 0.3048 1.2097250491455078 6.873349502260131 0.09029060272574424 0
Cone 0 0 0 -1 -1 -1 -1 0.2032 0.2032 0.3048 1.8696903371223026 4.16269748532902 0.1444061583888199 0
Cone 0 0 0 -1 -1 -1 -1 0.2032 0.2032 0.3048 1.91961497481565 2.1753275047336933 0.18270848635688408 0
Cone 0 0 0 -1 -1 -1 -1 0.2032 0.2032 0.3048 -4.042680494976552 10.082735791379852 0.03312007784297068 0
