Cone 0 0 0 -1 -1 -1 -1 0.2032 0.2032 0.3048 -15.014167758815002 11.291749313051147 -0.08877235980629922 0
Cone 0 0 0 -1 -1 -1 -1 0.2032 0.2032 0.3048 -13.790396639697265 13.248271634752196 -0.25583807783126833 0
Cone 0 0 0 -1 -1 -1 -1 0.2032 0.2032 0.3048 -12.549389216296387 15.1843685890979 -0.36552976326942443 0
Cone 0 0 0 -1 -1 -1 -1 0.2032 0.2032 0.3048 1.8124316404337566 16.984075699820764 -0.682655572462082 0
Cone 0 0 0 -1 -1 -1 -1 0.2032 0.2032 0.3048 1.7903531665677708 12.978437803759816 -0.4680677747408549 0
Cone 0 0 0 -1 -1 -1 -1 0.2032 0.2032 0.3048 1.7484526823038735 5.066495079372964 -0.05867905722856522 0
Cone 0 0 0 -1 -1 -1 -1 0.2032 0.2032 0.3048 1.7655346264516194 10.981954787745718 -0.38006851655046137 0
Cone 0 0 0 -1 -1 -1 -1 0.2032 0.2032 0.3048 1.7943277002659441 3.111627653721704 0.08520165504999834 0
Cone 0 0 0 -1 -1 -1 -1 0.2032 0.2032 0.3048 1.7329307790387838 9.019036493134287 -0.26700885856094814 0
Cone 0 0 0 -1 -1 -1 -1 0.2032 0.2032 0.3048 -1.9936684101745605 15.068472459489746 -0.5646412169615428 0
Cone 0 0 0 -1 -1 -1 -1 0.2032 0.2032 0.3048 -2.024738571040344 5.065319945985717 -0.03927253441810609 0
Cone 0 0 0 -1 -1 -1 -1 0.2032 0.2032 0.3048 -2.0042694061920168 19.022516992265626 -0.768548351097107 0
Cone 0 0 0 -1 -1 -1 -1 0.2032 0.2032 0.3048 1.812393960364151 15.02320487755005 -0.5471858601450921 0
Cone 0 0 0 -1 -1 -1 -1 0.2032 0.2032 0.3048 -1.9847351243024192 17.08476010419393 -0.6718762363672258 0
Cone 0 0 0 -1 -1 -1 -1 0.2032 0.2032 0.3048 -2.050711880451287 3.1572892422115126 0.09087417574259968 0
Cone 0 0 0 -1 -1 -1 -1 0.2032 0.2032 0.3048 1.830380108959961 18.989569897030435 -0.768938749599457 0
Cone 0 0 0 -1 -1 -1 -1 0.2032 0.2032 0.3048 -2.044959112994385 7.0601691986865225 -0.16271310405731204 0
Cone 0 0 0 -1 -1 -1 -1 0.2032 0.2032 0.3048 -2.047206853488265 9.11296672944358 -0.24703801148600052 0
Cone 0 0 0 -1 -1 -1 -1 0.2032 0.2032 0.3048 1.7484934896305084 7.02256484287445 -0.14267822312116624 0
Cone 0 0 0 -1 -1 -1 -1 0.2032 0.2032 0.3048 -2.023987576358032 13.081675635352374 -0.4474342639923096 0
Cone 0 0 0 -1 -1 -1 -1 0.2032 0.2032 0.3048 -2.0231732159778595 11.086875624035441 -0.3501785706162453 0
