Cone 0 0 0 -1 -1 -1 -1 0.2032 0.2032 0.3048 -10.119495881589762 9.188882054131536 0.017400775119993415 0
Cone 0 0 0 -1 -1 -1 -1 0.2032 0.2032 0.3048 -8.929877453041586 9.64936923441752 -0.029928449112176903 0
Cone 0 0 0 -1 -1 -1 -1 0.2032 0.2032 0.3048 -12.634115478388978 12.0834919478244 -0.033009049984812744 0
Cone 0 0 0 -1 -1 -1 -1 0.2032 0.2032 0.3048 -1.9968822501407137 2.4205024258043792 0.12057207720251305 0
Cone 0 0 0 -1 -1 -1 -1 0.2032 0.2032 0.3048 -7.115488971265666 8.74233047423228 -0.0335979521950086 0
Cone 0 0 0 -1 -1 -1 -1 0.2032 0.2032 0.3048 -7.867872346433511 9.402495553666991 -0.027050538428624482 0
Cone 0 0 0 -1 -1 -1 -1 0.2032 0.2032 0.3048 -3.3085541297917684 4.038778903657836 0.048294284375508624 0
Cone 0 0 0 -1 -1 -1 -1 0.2032 0.2032 0.3048 -4.560285183779907 5.583538924231771 0.04452807747522989 0
Cone 0 0 0 -1 -1 -1 -1 0.2032 0.2032 0.3048 -9.362630102030945 13.428624525243682 -0.1133454717129469 0
Cone 0 0 0 -1 -1 -1 -1 0.2032 0.2032 0.3048 -6.299371705776299 12.914105224517957 -0.10674513999091255 0
Cone 0 0 0 -1 -1 -1 -1 0.2032 0.2032 0.3048 -4.040324732653809 11.044044950181885 -0.03738923327922822 0
Cone 0 0 0 -1 -1 -1 -1 0.2032 0.2032 0.3048 -2.817274020198406 9.4449798949127 -0.011196017219984183 0
Cone 0 0 0 -1 -1 -1 -1 0.2032 0.2032 0.3048 -0.32762396260352133 6.363919511014862 0.06490680059492587 0
Cone 0 0 0 -1 -1 -1 -1 0.2032 0.2032 0.3048 0.9471829950883865 4.817625686103744 0.1607803692676127 0
Cone 0 0 0 -1 -1 -1 -1 0.2032 0.2032 0.3048 -13.517501843961588 10.017818048173828 0.05934349490404128 0
Cone 0 0 0 -1 -1 -1 -1 0.2032 0.2032 0.3048 -1.56480107008667 7.919032647783203 0.04966363353729247 0
Cone 0 0 0 -1 -1 -1 -1 0.2032 0.2032 0.3048 -5.760819241397095 7.049099837317708 -0.017788520026206976 0
