Cone 0 0 0 -1 -1 -1 -1 0.2032 0.2032 0.3048 -13.844194107246908 11.53389561961887 0.08828866607480577 0
Cone 0 0 0 -1 -1 -1 -1 0.2032 0.2032 0.3048 -12.566402050845337 13.437342658216402 -0.043709547761082664 0
Cone 0 0 0 -1 -1 -1 -1 0.2032 0.2032 0.3048 1.740294304497528 5.251232507402343 -0.014971553850173958 0
Cone 0 0 0 -1 -1 -1 -1 0.2032 0.2032 0.3048 -1.9978647202178954 17.292857721025392 -0.3880517538070679 0
Cone 0 0 0 -1 -1 -1 -1 0.2032 0.2032 0.3048 -2.0413993428076425 11.337059989149017 -0.16266536793907482 0
Cone 0 0 0 -1 -1 -1 -1 0.2032 0.2032 0.3048 1.757520422678015 9.222458921447041 -0.12482138659523595 0
Cone 0 0 0 -1 -1 -1 -1 0.2032 0.2032 0.3048 -2.0392851398314162 3.338587284261626 0.10326454809010026 0
Cone 0 0 0 -1 -1 -1 -1 0.2032 0.2032 0.3048 1.7432387143447876 7.256641223604126 -0.07405515717267991 0
Cone 0 0 0 -1 -1 -1 -1 0.2032 0.2032 0.3048 -2.227953645579529 18.321821286851808 -0.43334726946353913 0
Cone 0 0 0 -1 -1 -1 -1 0.2032 0.2032 0.3048 -2.038042247146025 9.341909095826448 -0.10930140941303147 0
Cone 0 0 0 -1 -1 -1 -1 0.2032 0.2032 0.3048 1.1949929565265656 20.055138185197755 -0.4421524252176285 0
Cone 0 0 0 -1 -1 -1 -1 0.2032 0.2032 0.3048 1.815646531191953 13.252822155331216 -0.24889637486934663 0
Cone 0 0 0 -1 -1 -1 -1 0.2032 0.2032 0.3048 1.7727290620480856 11.235022340789083 -0.19113690089980764 0
Cone 0 0 0 -1 -1 -1 -1 0.2032 0.2032 0.3048 1.7745636387078179 3.3464068981422077 0.09120430463585587 0
Cone 0 0 0 -1 -1 -1 -1 0.2032 0.2032 0.3048 1.8206834763362885 17.26236732261841 -0.3622109140634537 0
Cone 0 0 0 -1 -1 -1 -1 0.2032 0.2032 0.3048 -3.969988343112183 19.470745828325196 -0.42225429372787476 0
Cone 0 0 0 -1 -1 -1 -1 0.2032 0.2032 0.3048 1.8045993119552612 15.244430616075439 -0.2913555498600006 0
Cone 0 0 0 -1 -1 -1 -1 0.2032 0.2032 0.3048 -2.841285718473307 19.096065754269205 -0.43105837659835816 0
Cone 0 0 0 -1 -1 -1 -1 0.2032 0.2032 0.3048 -1.9885058432743072 13.312543466264648 -0.2395115527689457 0
Cone 0 0 0 -1 -1 -1 -1 0.2032 0.2032 0.3048 -2.0271000196461997 5.291436428402506 -0.02643695430755616 0
Cone 0 0 0 -1 -1 -1 -1 0.2032 0.2032 0.3048 -2.0058093994781494 7.361147358591003 -0.11300345467329026 0
