Cone 0 0 0 -1 -1 -1 -1 0.2032 0.2032 0.3048 -7.99346334370558 6.633086331593966 0.08442576417360038 0
Cone 0 0 0 -1 -1 -1 -1 0.2032 0.2032 0.3048 -9.917153280540248 10.46896546823957 0.07667704820973532 0
Cone 0 0 0 -1 -1 -1 -1 0.2032 0.2032 0.3048 -11.917744609706116 10.53670103805725 0.11359927101135253 0
Cone 0 0 0 -1 -1 -1 -1 0.2032 0.2032 0.3048 -7.9262875926055285 10.468326769194585 0.0480691597203819 0
Cone 0 0 0 -1 -1 -1 -1 0.2032 0.2032 0.3048 -6.04536769019091 6.613512208635253 0.07440890780470585 0
Cone 0 0 0 -1 -1 -1 -1 0.2032 0.2032 0.3048 -1.9321863718256473 2.490880659048401 0.13263075500180324 0
Cone 0 0 0 -1 -1 -1 -1 0.2032 0.2032 0.3048 -5.916912283823734 10.41678895676266 0.038696249134341866 0
Cone 0 0 0 -1 -1 -1 -1 0.2032 0.2032 0.3048 -3.8951563566848755 6.594601228410644 0.10881034886538982 0
Cone 0 0 0 -1 -1 -1 -1 0.2032 0.2032 0.3048 -3.9195959359333035 10.412238600427552 0.02307807399034499 0
Cone 0 0 0 -1 -1 -1 -1 0.2032 0.2032 0.3048 -1.9183263351445516 4.395447163357975 0.08721577704648176 0
Cone 0 0 0 -1 -1 -1 -1 0.2032 0.2032 0.3048 -2.1339783102199554 5.431158437902374 0.08271430661976337 0
Cone 0 0 0 -1 -1 -1 -1 0.2032 0.2032 0.3048 -2.7873645355229693 6.194280221635742 0.03261816544532775 0
Cone 0 0 0 -1 -1 -1 -1 0.2032 0.2032 0.3048 -0.6856194058979671 9.340834357911985 0.012088433337211595 0
Cone 0 0 0 -1 -1 -1 -1 0.2032 0.2032 0.3048 1.8709914356544495 4.343387350017471 0.13741095810582238 0
Cone 0 0 0 -1 -1 -1 -1 0.2032 0.2032 0.3048 1.8672745291750228 2.378788550414145 0.1962655458234251 0
