Cone 0 0 0 -1 -1 -1 -1 0.2032 0.2032 0.3048 -14.824649823697916 9.84944780128662 0.10783502254088718 0
Cone 0 0 0 -1 -1 -1 -1 0.2032 0.2032 0.3048 -9.00238240488194 7.452662405800606 0.1379672162801027 0
Cone 0 0 0 -1 -1 -1 -1 0.2032 0.2032 0.3048 -10.919429116440329 8.727558647170307 0.13042137349098917 0
Cone 0 0 0 -1 -1 -1 -1 0.2032 0.2032 0.3048 -7.129813588238684 5.842247061066908 0.1200713746380496 0
Cone 0 0 0 -1 -1 -1 -1 0.2032 0.2032 0.3048 -3.3531243850713097 3.3542778994387814 0.13483737725218137 0
Cone 0 0 0 -1 -1 -1 -1 0.2032 0.2032 0.3048 -1.6136754964332287 1.9294256975103412 0.11157626405480581 0
Cone 0 0 0 -1 -1 -1 -1 0.2032 0.2032 0.3048 -5.128653300794475 6.343061606376297 0.10290505190143981 0
Cone 0 0 0 -1 -1 -1 -1 0.2032 0.2032 0.3048 -2.2269939451929885 2.846871054135162 0.13945952247231183 0
Cone 0 0 0 -1 -1 -1 -1 0.2032 0.2032 0.3048 -3.0633726447746277 7.168176486665649 0.05793352468013763 0
Cone 0 0 0 -1 -1 -1 -1 0.2032 0.2032 0.3048 1.929751099901883 3.248376909965915 0.14151939352583137 0
Cone 0 0 0 -1 -1 -1 -1 0.2032 0.2032 0.3048 0.17776029259710313 5.737811699087066 0.08895065119564532 0
